# timestamp tx ty tz qx qy qz qw
1645868413.31307793 0.00000000 0.00000000 -0.00000000 0.00000000 0.00000000 0.00000000 1.00000000
1645868421.35990405 0.51730011 -0.00197795 -0.02558310 0.00248082 -0.00039478 0.03429369 0.99940864
1645868422.85917091 1.01963518 0.03926962 -0.02867116 0.00402791 0.00018505 0.06387539 0.99794974
1645868424.45601296 1.53113033 0.11864736 -0.03527327 0.00559380 0.00096093 0.09329284 0.99562253
1645868426.28058100 2.04026692 0.20247507 -0.04703368 0.00693400 0.00099909 0.11347445 0.99351622
1645868428.02282691 2.52878886 0.34164374 -0.10617483 0.00483514 0.00065904 0.12968974 0.99154262
1645868429.85609508 3.00966864 0.48018258 -0.12257639 0.00573535 0.00077321 0.14050680 0.99006280
1645868431.27968597 3.50046129 0.64946092 -0.13413684 0.00810955 0.00098245 0.14526207 0.98935949
1645868432.69254303 4.00048981 0.82620861 -0.14867595 0.00796414 0.00111066 0.14968325 0.98870130
1645868434.11520100 4.46597924 1.00942262 -0.16485556 0.00801713 0.00137227 0.15308237 0.98817996
1645868435.61430812 4.94565646 1.16781034 -0.17191435 0.00876707 0.00195820 0.15700163 0.98755749
1645868437.02479911 5.42044109 1.33592434 -0.19103098 0.00853805 0.00236445 0.16664003 0.98597800
1645868438.45106411 5.91090812 1.51299184 -0.21138439 0.00813326 0.00189300 0.16756734 0.98582526
1645868439.86235690 6.39107411 1.69416918 -0.23060531 0.00881941 0.00203545 0.17000365 0.98540186
1645868441.35720301 6.86649094 1.89431680 -0.24945995 0.00939616 0.00177997 0.18043714 0.98354003
1645868442.69363499 7.32699803 2.09044213 -0.26718687 0.01053786 0.00156472 0.18529513 0.98262517
1645868444.12191296 7.81114234 2.28697321 -0.24582837 0.01167215 0.00360252 0.18398029 0.98285403
1645868445.35870194 8.29256772 2.48519089 -0.28221008 0.01133701 0.00341421 0.17976107 0.98363905
1645868446.62703896 8.78392753 2.66836819 -0.31789036 0.01137858 0.00355581 0.17503553 0.98448994
1645868447.78591108 9.26805017 2.86124673 -0.34822887 0.00880597 0.00196212 0.16996937 0.98540805
1645868448.95332599 9.75977285 3.04517263 -0.36782283 0.00748532 0.00108990 0.16592057 0.98611011
1645868450.12253809 10.24164277 3.23368404 -0.37687547 0.00939228 0.00091951 0.16924760 0.98552838
1645868451.29287696 10.73546906 3.39818438 -0.34636961 0.00798769 0.00120968 0.18921666 0.98190213
1645868452.52640390 11.19196938 3.61455321 -0.39975207 0.00814107 0.00152841 0.21015768 0.97763241
1645868453.96970606 11.64743811 3.82557882 -0.43500030 0.00667237 0.00192041 0.22873256 0.97346454
1645868455.47154593 12.09480278 4.07072674 -0.46884422 0.00748481 0.00198563 0.24745623 0.96886813
1645868456.80591106 12.52540996 4.32570579 -0.49371175 0.00780098 0.00237015 0.26529819 0.96413194
1645868458.02440906 12.97202149 4.58686774 -0.50590528 0.00799553 0.00279138 0.27737178 0.96072534
1645868459.30713892 13.38920973 4.88775173 -0.53125424 0.00827338 0.00302884 0.28203886 0.95936253
1645868460.65254498 13.83456471 5.17386998 -0.58491659 0.00681988 0.00206613 0.22732311 0.97379332
1645868462.14250207 14.28781887 5.42390189 -0.63127320 0.00535042 0.00127771 0.19268445 0.98124535
1645868463.63800406 14.76459285 5.61051324 -0.64449817 0.00476601 0.00135910 0.17359949 0.98480387
1645868464.82080793 15.23921875 5.79905447 -0.66829128 0.00368746 0.00058653 0.15524232 0.98786936
1645868465.96499801 15.72194242 5.99046648 -0.70584120 0.00273698 0.00031062 0.12754639 0.99182878
1645868467.02449489 16.22413719 6.13426242 -0.73168213 0.00140051 -0.00044455 0.09558425 0.99542026
1645868468.19236398 16.72106933 6.24801801 -0.75479009 0.00216485 -0.00005777 0.11730687 0.99309335
1645868469.68989611 17.20093581 6.44707939 -0.76222483 0.00167916 -0.00061730 0.11692447 0.99313920
1645868471.12594509 17.65609922 6.65883452 -0.78966677 0.00191685 -0.00273598 0.10822698 0.99412060
1645868472.19067001 18.13315703 6.81955001 -0.79240022 0.00061367 -0.00319314 0.07267120 0.99735065
1645868473.28741598 18.64817172 6.95748348 -0.83090404 -0.00021942 -0.00395140 0.02132629 0.99976474
1645868474.35489511 19.14615351 7.02494186 -0.85013566 -0.00132850 -0.00428075 -0.00661854 0.99996805
1645868475.45322895 19.66722451 7.07926637 -0.86874387 -0.00233710 -0.00454425 -0.02071110 0.99977244
1645868476.68948197 20.19106181 7.10253367 -0.87886505 -0.00342608 -0.00430357 -0.01444539 0.99988053
1645868477.94403291 20.72326248 7.12663333 -0.87144862 -0.00271969 -0.00462413 -0.01808465 0.99982207
1645868479.02307796 21.22546897 7.14267012 -0.88208724 -0.00348312 -0.00518152 -0.04555617 0.99894227
1645868479.95033503 21.74436062 7.11151736 -0.91464886 -0.00266393 -0.00451389 -0.02230652 0.99973744
1645868480.78540897 22.24443175 7.10861899 -0.98117893 -0.00272296 -0.00450269 -0.01467083 0.99987853
1645868481.62635994 22.74419507 7.11125158 -1.02004391 -0.00401603 -0.00552387 -0.04777419 0.99883481
1645868482.44871092 23.29405365 7.07591214 -1.03830144 -0.00421751 -0.00582397 -0.05941900 0.99820723
1645868483.18743896 23.83918459 7.05048932 -1.05956561 -0.00070129 -0.00503098 -0.04665025 0.99889837
1645868483.94444203 24.38717970 7.02011397 -1.07513796 0.00134494 -0.00525599 -0.03660826 0.99931497
1645868484.68744898 24.94550071 7.01994526 -1.07613609 -0.00037783 -0.00415109 -0.03437509 0.99940031
1645868485.52042794 25.47504928 7.01815433 -1.08938551 -0.00075974 -0.00408124 -0.04103969 0.99914889
1645868486.35580993 25.98941375 7.02142308 -1.10762333 -0.00018287 -0.00452760 -0.04791260 0.99884125
1645868487.18662691 26.50442329 6.99905966 -1.12865308 0.00082805 -0.00416309 -0.02652726 0.99963908
1645868488.02395296 27.03663375 6.99687368 -1.13576184 0.00124910 -0.00403057 -0.02218636 0.99974495
1645868488.85629797 27.54351473 6.98233231 -1.14374456 0.00087583 -0.00397103 -0.02450988 0.99969132
1645868489.68729806 28.06430425 6.97839816 -1.16013094 0.00101430 -0.00393629 -0.03127644 0.99950251
1645868490.69297194 28.57895578 6.98125066 -1.17214541 0.00103386 -0.00398269 -0.02641427 0.99964261
1645868491.62178111 29.09951754 6.96907357 -1.18549914 0.00144639 -0.00431408 -0.03783928 0.99927348
1645868492.52166605 29.63787069 6.92406170 -1.20752153 0.00132009 -0.00461398 -0.04616460 0.99892232
1645868493.46669507 30.15254772 6.89137278 -1.21980868 0.00198777 -0.00450295 -0.04365524 0.99903453
1645868494.35580897 30.68489967 6.85842649 -1.23620947 0.00256173 -0.00393930 -0.03242845 0.99946301
1645868495.35406089 31.23067039 6.83384265 -1.25253548 0.00305477 -0.00370768 -0.03179955 0.99948272
1645868496.35358596 31.77130509 6.81042891 -1.29383760 0.00652278 -0.00520011 -0.02859482 0.99955628
1645868497.45251989 32.29043452 6.78830904 -1.30019477 0.00664721 -0.00512986 -0.01810360 0.99980086
1645868498.28792191 32.82108250 6.77127367 -1.31323402 0.00632873 -0.00468044 -0.00235997 0.99996624
1645868499.01682091 33.34534684 6.77002875 -1.36759746 0.00648505 -0.00456680 0.01396820 0.99987098
1645868499.78011203 33.86707850 6.79627591 -1.39589893 0.00560815 -0.00478826 0.00286789 0.99996870
1645868500.61588907 34.37169735 6.79317797 -1.37992922 0.00551594 -0.00435358 -0.01393664 0.99987819
1645868501.51910210 34.87303825 6.79513756 -1.39491547 0.00455519 -0.00406057 -0.01589027 0.99985512
1645868502.62300396 35.40364003 6.79146430 -1.33622661 0.00470286 -0.00369586 -0.00834158 0.99994732
1645868503.35415602 35.89794689 6.81742266 -1.41902176 0.00372161 -0.00450690 -0.01596603 0.99985545
1645868504.18582797 36.43207734 6.79601065 -1.43129562 0.00311918 -0.00506585 -0.03271380 0.99944705
1645868505.12118411 36.94562624 6.76134895 -1.48137948 0.00315118 -0.00522172 -0.03017870 0.99952591
1645868506.11922407 37.48326029 6.75423899 -1.48507255 0.00348141 -0.00491377 -0.02383276 0.99969782
1645868507.01929212 38.01833021 6.74755130 -1.47943790 0.00378502 -0.00494018 -0.02691277 0.99961841
1645868507.85135388 38.53763572 6.74932438 -1.49708140 0.00230124 -0.00489960 -0.04659684 0.99889911
1645868508.68488193 39.07157556 6.70753520 -1.49786368 0.00335694 -0.00444711 -0.03138415 0.99949187
1645868509.45850611 39.60858704 6.66787314 -1.53104150 0.00337536 -0.00434133 -0.03159407 0.99948566
1645868510.18259192 40.15623139 6.63268631 -1.54199629 0.00405057 -0.00389578 -0.02651592 0.99963259
1645868510.85733390 40.65747064 6.61809356 -1.56740243 0.00435863 -0.00395731 -0.02555131 0.99965618
1645868511.61371398 41.21644292 6.58493290 -1.59235334 0.00406317 -0.00437216 -0.03871765 0.99923236
1645868512.28264594 41.72308426 6.55271198 -1.60797405 0.00368300 -0.00467170 -0.05562756 0.99843387
1645868513.02576590 42.23254317 6.50311751 -1.62029085 0.00551772 -0.00404710 -0.05560944 0.99842915
1645868513.78418493 42.79600645 6.46027336 -1.64604898 0.00637300 -0.00394611 -0.03839421 0.99923456
1645868514.44858098 43.31190973 6.43807276 -1.67167275 0.00610597 -0.00304933 -0.04621690 0.99890811
1645868515.11544895 43.82657499 6.41898660 -1.68666300 0.00467150 -0.00290149 -0.06403611 0.99793243
1645868515.78619504 44.38674888 6.35745593 -1.71355355 0.00272834 -0.00317606 -0.08158679 0.99665745
1645868516.45431709 44.92817801 6.28401611 -1.72067076 0.00127460 -0.00297443 -0.09787294 0.99519366
1645868517.12066889 45.48537382 6.18789061 -1.76338172 0.00025811 -0.00276063 -0.11833352 0.99297003
1645868517.78729510 46.03695620 6.07090676 -1.80257610 -0.00097974 -0.00308779 -0.13704542 0.99055947
1645868518.46809411 46.55420674 5.93876264 -1.81588628 -0.00136013 -0.00328271 -0.14453856 0.98949279
1645868519.11965299 47.08180867 5.80603106 -1.83305878 -0.00090250 -0.00325781 -0.14454773 0.98949206
1645868519.85393190 47.61115624 5.65997184 -1.85514206 -0.00094318 -0.00333197 -0.14667190 0.98917914
1645868520.68581605 48.14214296 5.50290959 -1.89456734 -0.00097094 -0.00342460 -0.14426785 0.98953227
1645868521.45384908 48.65551469 5.36231231 -1.91882910 -0.00026572 -0.00331936 -0.13459165 0.99089555
1645868522.18328905 49.16252253 5.23458785 -1.93904583 -0.00003786 -0.00293544 -0.12861223 0.99169061
1645868523.01661205 49.65910603 5.11510156 -1.97332926 0.00003751 -0.00294998 -0.12219079 0.99250225
1645868523.85009098 50.17728693 4.98278009 -1.99478226 0.00176160 -0.00220381 -0.07936588 0.99684156
1645868524.68112206 50.70148676 4.88873159 -2.00969807 0.00161055 -0.00170242 -0.07070283 0.99749467
1645868525.34672999 51.19538405 4.81144679 -2.02820028 0.00153968 -0.00162893 -0.07048821 0.99751009
1645868526.01612401 51.74395844 4.73947029 -2.04406780 0.00110595 -0.00171885 -0.07914160 0.99686129
1645868526.68193889 52.25359544 4.65995742 -2.05812466 0.00090453 -0.00181781 -0.08999421 0.99594022
1645868527.34758592 52.76918470 4.55638063 -2.07374552 0.00043615 -0.00180985 -0.10071829 0.99491324
1645868528.01481509 53.30206438 4.43965990 -2.09541999 0.00139020 -0.00143438 -0.08098738 0.99671313
1645868528.77117896 53.81925006 4.34076218 -2.11437670 0.00227920 -0.00122015 -0.06312538 0.99800226
1645868529.60845089 54.35630965 4.26600191 -2.12399388 0.00355840 -0.00088996 -0.05505962 0.99847633
1645868530.51280403 54.88269495 4.20151687 -2.16549852 0.00711229 -0.00251072 -0.04577636 0.99892324
1645868531.51341605 55.39636150 4.16127953 -2.22672921 0.00694869 -0.00266542 -0.04350631 0.99902543
1645868532.34645796 55.91821951 4.12326123 -2.25006231 0.00632638 -0.00295117 -0.05122973 0.99866250
1645868533.10473895 56.47533986 4.06602862 -2.26495666 0.00667120 -0.00270591 -0.05549824 0.99843283
1645868533.76906610 57.01114040 4.00607314 -2.28237512 0.00683657 -0.00239641 -0.05121973 0.99866113
1645868534.43737793 57.54139259 3.95007767 -2.31067070 0.00576341 -0.00226358 -0.04146046 0.99912096
1645868535.10451198 58.07224310 3.90679014 -2.31597224 0.00682054 -0.00224417 -0.03225492 0.99945388
1645868535.76752090 58.60047164 3.86684174 -2.33481661 0.00682728 -0.00219348 -0.02639809 0.99962579
1645868536.43539500 59.13494151 3.82823294 -2.35577268 0.00726936 -0.00216066 -0.02733675 0.99959751
1645868537.10271192 59.65106198 3.85665848 -2.36889245 0.00857452 -0.00212762 -0.02927401 0.99953238
1645868537.84666991 60.17082577 3.82772471 -2.38487767 0.00885589 -0.00221652 -0.02298981 0.99969402
1645868538.67696905 60.71156491 3.80033315 -2.39888891 0.00953299 -0.00171191 -0.00466123 0.99994223
1645868539.60369611 61.25739715 3.78401128 -2.41743771 0.01052226 -0.00078996 0.02854686 0.99953676
1645868540.43950510 61.76655937 3.82383096 -2.43654769 0.01014461 -0.00047018 0.03560597 0.99931431
1645868541.17858005 62.27754885 3.85464614 -2.45213622 0.00839878 -0.00051073 0.00688755 0.99994088
1645868541.93280792 62.79509050 3.86532914 -2.46746064 0.00801371 -0.00080568 -0.00537211 0.99995313
1645868542.60146689 63.30448627 3.86320402 -2.48842888 0.00812046 -0.00072497 -0.00508310 0.99995385
1645868543.34472895 63.86075847 3.86932513 -2.52249026 0.00746155 -0.00097058 -0.01282072 0.99988950
1645868544.01130795 64.37198518 3.86804599 -2.53546226 0.00799971 -0.00068890 -0.00465748 0.99995692
1645868544.67740607 64.88971711 3.86972594 -2.53094479 0.00818250 -0.00091194 -0.01409897 0.99986671
1645868545.42959809 65.44898333 3.86294401 -2.54413608 0.00788111 -0.00067686 -0.01304701 0.99988360
1645868546.17539811 65.97325342 3.85763344 -2.55872213 0.00868455 -0.00023016 0.00307333 0.99995754
1645868546.93413806 66.50263872 3.85136945 -2.57924140 0.00866243 -0.00031775 0.00237591 0.99995961
1645868547.67720509 67.04481851 3.85861501 -2.59853366 0.00863509 -0.00023943 0.00142890 0.99996167
1645868548.43059301 67.57828839 3.85779454 -2.61274814 0.00860017 -0.00015979 0.00693347 0.99993897
1645868549.09970307 68.11932742 3.87057877 -2.63652132 0.00871100 0.00017746 0.01438187 0.99985861
1645868549.84322405 68.67540956 3.89928654 -2.66298349 0.00832900 0.00018907 0.00122155 0.99996455
1645868550.59986496 69.22723085 3.89963128 -2.68452745 0.00898808 0.00056700 0.00981297 0.99991130
1645868551.26543498 69.72652255 3.91570523 -2.70582224 0.01051276 0.00098849 0.01072885 0.99988669
1645868551.93381810 70.23549072 3.95571118 -2.72517323 0.01537243 0.00212838 -0.00124464 0.99987880
1645868552.67712593 70.77666374 3.95726194 -2.73638037 0.01583565 0.00302286 -0.01532168 0.99975264
1645868553.43039703 71.30087774 3.94507196 -2.74813612 0.01563900 0.00351591 -0.01996413 0.99967219
1645868554.17618203 71.81637709 3.93010391 -2.77401404 0.01634718 0.00349982 -0.00573748 0.99984379
1645868554.93659210 72.37392683 3.93236843 -2.80885535 0.01718384 0.00300122 0.00680025 0.99982472
1645868555.67658591 72.92929313 3.94485704 -2.83066724 0.01740754 0.00286884 0.01594334 0.99971724
1645868556.43365788 73.45822410 3.92740260 -2.84803632 0.01743937 0.00263722 0.01512035 0.99973011
1645868557.09791589 73.96675163 3.94695360 -2.87621331 0.01844895 0.00284869 0.00744701 0.99979801
1645868557.84436607 74.50515139 3.97039656 -2.90741776 0.01798096 0.00236855 0.00496562 0.99982319
1645868558.67969894 75.05461752 3.97488484 -2.95603461 0.01684056 0.00091622 0.00796398 0.99982605
1645868559.67999911 75.57806339 3.98385728 -2.92837053 0.01716621 0.00116510 0.00197451 0.99985002
1645868560.76490998 76.10390157 3.96932495 -2.98214154 0.01469035 -0.00033735 -0.02576305 0.99956008
1645868562.34189796 76.61154877 3.90244002 -3.02768816 0.01582562 -0.00007253 -0.04107212 0.99903084
1645868563.77544689 77.06561445 3.89643794 -3.27417146 0.01866472 -0.00031934 -0.00550200 0.99981061
1645868565.67691708 77.57319585 3.89259300 -3.24175380 0.01792302 0.00224707 -0.00658278 0.99981517
1645868567.84482908 78.08083941 3.90606660 -3.21444495 0.01598514 0.00112453 -0.00486602 0.99985976
1645868569.01237392 78.59206352 3.91623668 -3.22804963 0.01543211 0.00092110 -0.00807854 0.99984786
1645868569.84511805 79.12405811 3.89583394 -3.24722350 0.01597441 0.00103804 0.00391225 0.99986421
1645868570.60078812 79.62518002 3.91614740 -3.25902525 0.01657023 0.00110671 0.01203148 0.99978970
1645868571.34337711 80.13334151 3.93872780 -3.26266517 0.01343008 0.00097169 0.01633149 0.99977596
1645868572.10429502 80.68784240 3.97196224 -3.28809457 0.01375204 0.00114151 0.00986997 0.99985607
1645868572.84383011 81.19706150 4.00110215 -3.30261471 0.01325610 0.00169489 0.00589507 0.99989332
1645868573.67800093 81.74043495 4.01819470 -3.32106356 0.01276148 0.00185233 0.00044027 0.99991676
1645868574.60468102 82.25027724 4.02199214 -3.33871569 0.01118194 0.00117526 -0.00027960 0.99993675
1645868575.51343012 82.76515130 4.03431422 -3.35776146 0.01207782 0.00142836 0.01138980 0.99986117
1645868576.60591507 83.28994261 4.05997787 -3.36000221 0.01276259 0.00144344 0.01952110 0.99972694
1645868577.60853004 83.82045871 4.06146728 -3.37623453 0.01221896 0.00194603 0.03107108 0.99944059
1645868578.77566600 84.35495148 4.12177591 -3.38769416 0.01305630 0.00252898 0.05751855 0.99825586
1645868580.01261806 84.84964387 4.20294070 -3.41736443 0.01388711 0.00339465 0.09073000 0.99577291
1645868581.17816305 85.34685390 4.31888639 -3.45478749 0.01389805 0.00396712 0.12571430 0.99196120
1645868582.45070791 85.83693174 4.46659163 -3.46801128 0.01681056 0.00471397 0.17870057 0.98374859
1645868583.78143692 86.31895555 4.64957229 -3.47712255 0.01616933 0.00526814 0.20110470 0.97942213
1645868585.11006188 86.81045529 4.84864753 -3.49440147 0.01640814 0.00569161 0.23099041 0.97280101
1645868586.27384090 87.27712696 5.08550178 -3.51560506 0.01702140 0.00618049 0.25736744 0.96614392
1645868587.43681192 87.75231219 5.27015535 -3.54202282 0.01810191 0.00720182 0.29821667 0.95429936
1645868588.50097203 88.18959995 5.56500833 -3.56258996 0.01975646 0.00868981 0.36172711 0.93203415
1645868589.93776393 88.55796410 5.90607703 -3.59045836 0.02260359 0.00995349 0.42879199 0.90306558
1645868591.33780599 88.86622733 6.30060346 -3.58555715 0.02491132 0.01176828 0.49328327 0.86943231
1645868593.00848889 89.19702973 6.68933984 -3.56992859 0.02698112 0.01263288 0.53855870 0.84206114
1645868594.63469100 89.41344395 7.16932410 -3.59392135 0.03058811 0.01351230 0.60817128 0.79310118
1645868595.84938097 89.49797040 7.68004696 -3.58245654 0.03129277 0.01343341 0.63351889 0.77297744
1645868596.84718394 89.57405025 8.17954006 -3.57337232 0.03053982 0.01354123 0.64000636 0.76764303
1645868598.14188004 89.65782202 8.69046665 -3.58338012 0.03066757 0.01345014 0.65024619 0.75898517
1645868599.34517503 89.69866722 9.20545799 -3.61650249 0.03118755 0.01331540 0.68185301 0.73070275
1645868600.51127505 89.70471783 9.72405345 -3.62538807 0.03068606 0.01263045 0.67810823 0.73421255
1645868601.51276994 89.70984279 10.26108365 -3.63461192 0.03055509 0.01220559 0.67856716 0.73380107
1645868602.63519192 89.73032040 10.77685878 -3.62707907 0.03006139 0.01184689 0.67311917 0.73882782
1645868604.01279211 89.75683738 11.31825700 -3.62267214 0.03026586 0.01189529 0.68616492 0.72671878
1645868605.17643309 89.72872834 11.84400239 -3.64015076 0.02998208 0.01107288 0.72015250 0.69307924
1645868606.28444791 89.68970227 12.35236846 -3.64414523 0.03056696 0.01166591 0.74327839 0.66818171
1645868607.33941603 89.64181438 12.88858510 -3.65277299 0.03059180 0.01146547 0.73948470 0.67238015
1645868608.50819898 89.58433578 13.41019189 -3.64967687 0.03025648 0.01123148 0.72987356 0.68281988
1645868609.67515612 89.55544476 13.92967012 -3.64388211 0.02946407 0.01068668 0.71749830 0.69585476
1645868610.84263897 89.54387741 14.46883303 -3.63069277 0.02994707 0.01142116 0.71336139 0.70006304
1645868612.00951099 89.53880992 14.98129689 -3.65772357 0.02941916 0.01097553 0.70494506 0.70856652
1645868613.17717791 89.55048831 15.48940331 -3.66424031 0.02943690 0.01106468 0.70209443 0.71138910
1645868614.29316497 89.55760632 16.02482914 -3.66634414 0.02946999 0.01153692 0.69948973 0.71394155
1645868615.29886293 89.58541563 16.56558197 -3.67399248 0.02926775 0.01182950 0.69805950 0.71534355
1645868616.17509508 89.60765024 17.07537138 -3.68641553 0.02921023 0.01163677 0.69827879 0.71513501
1645868617.17573309 89.59922739 17.59664818 -3.69521426 0.02891573 0.01149729 0.69604615 0.71732242
1645868618.29683995 89.63244521 18.11347173 -3.70245242 0.02930290 0.01196387 0.70072819 0.71272590
1645868619.34218407 89.63281848 18.65632495 -3.71441253 0.02918193 0.01165505 0.70092125 0.71254612
1645868620.50886512 89.63025332 19.19946996 -3.71600491 0.02908372 0.01193164 0.69974204 0.71370361
1645868621.63018799 89.62470966 19.70211042 -3.71941224 0.02999031 0.01253332 0.70542255 0.70804132
1645868622.67568707 89.61974903 20.20269175 -3.72890698 0.03037068 0.01244078 0.71234059 0.70106614
1645868623.83944607 89.60363556 20.72098503 -3.73704784 0.03112542 0.01274939 0.71866820 0.69453919
1645868624.84286404 89.59258373 21.22494828 -3.73843616 0.03113109 0.01299550 0.71889531 0.69429930
1645868626.15307307 89.55530245 21.72682631 -3.74394346 0.03251624 0.01379235 0.72957210 0.68299123
1645868628.00830007 89.50999775 22.22573051 -3.73699115 0.03473003 0.01465645 0.77412596 0.63190823
1645868630.45437098 89.39295603 22.72824319 -3.72706672 0.03792137 0.01553940 0.83216051 0.55301843
1645868632.67180490 89.21214025 23.20177428 -3.70672638 0.03689299 0.01523629 0.88384456 0.46607463
1645868634.93565106 88.91773321 23.62359632 -3.69379666 0.03884906 0.01682470 0.92259286 0.38344502
1645868636.66541791 88.54610038 23.97059404 -3.69849522 0.04061227 0.01767761 0.95158065 0.30419139
1645868638.26426601 88.13056397 24.25482851 -3.70821332 0.04107745 0.01719960 0.97600157 0.21316133
1645868639.93158197 87.64960033 24.44445752 -3.70759741 0.04085763 0.01773178 0.99284771 0.11076854
1645868641.33746004 87.14714289 24.53696812 -3.68455131 0.04101485 0.01929652 0.99876057 0.02056095
1645868642.43043590 86.64390338 24.53365680 -3.65184781 0.04080206 0.01934116 0.99887469 0.01450719
1645868643.42990088 86.11887849 24.55200309 -3.68181815 0.04090166 0.02088913 0.99856208 0.02764894
1645868644.33621597 85.60642441 24.56728279 -3.65698933 0.04087493 0.02064277 0.99854438 0.02849968
1645868645.17061090 85.09712416 24.57078471 -3.63645050 0.04085154 0.01951907 0.99871943 0.02257560
1645868646.00271297 84.57095041 24.57257752 -3.61268821 0.04087349 0.01889279 0.99889295 0.01361242
1645868646.83644605 84.01840244 24.57533630 -3.59583458 0.04089669 0.01915533 0.99895839 0.00653271
1645868647.59750891 83.50165628 24.57043445 -3.57581179 0.04084123 0.01904599 0.99895119 0.00811006
1645868648.33616590 82.97695759 24.58528187 -3.55933784 0.04091135 0.01825416 0.99890406 0.01355466
1645868649.09458208 82.44279306 24.58669923 -3.53607291 0.04084777 0.01761538 0.99877026 0.02188908
1645868649.83779001 81.89217917 24.58724224 -3.51374805 0.04091652 0.01579191 0.99857212 0.03049889
1645868650.59924698 81.36170980 24.59729994 -3.49252470 0.04097478 0.01545304 0.99841480 0.03535763
1645868651.33653688 80.80916469 24.61745109 -3.46851811 0.04094540 0.01519391 0.99872854 0.02517802
1645868652.09903693 80.27218113 24.62451637 -3.45889395 0.04093592 0.01596206 0.99881027 0.02115430
1645868652.76579309 79.75949539 24.63813232 -3.44403011 0.04112577 0.01582194 0.99859747 0.02935002
1645868653.43201900 79.25427041 24.66542758 -3.42382735 0.04106902 0.01561623 0.99831312 0.03795251
1645868654.09665704 78.74769330 24.70239610 -3.38968062 0.04036245 0.01493180 0.99820969 0.04153719
1645868654.76497507 78.22516484 24.72326688 -3.36717783 0.04029354 0.01485688 0.99834213 0.03832367
1645868655.44575095 77.69930261 24.74553585 -3.34682946 0.04012030 0.01510145 0.99843917 0.03579847
1645868656.09837389 77.18777885 24.75851015 -3.32511458 0.04014306 0.01546022 0.99848229 0.03438939
1645868656.76254797 76.65738236 24.76822165 -3.30274667 0.04003343 0.01574057 0.99838260 0.03717191
1645868657.42837501 76.12435702 24.78609362 -3.28215060 0.04013041 0.01553106 0.99788590 0.04870383
1645868658.09569812 75.59310175 24.80892432 -3.26146551 0.04017019 0.01515481 0.99718727 0.06143483
1645868658.83885908 75.04139625 24.85240396 -3.23572327 0.03997611 0.01517709 0.99706779 0.06346177
1645868659.59585404 74.51757480 24.89977225 -3.22120622 0.03995886 0.01517463 0.99774491 0.05175042
1645868660.33808303 73.98952946 24.91469227 -3.20078179 0.03995803 0.01505293 0.99810996 0.04419576
1645868661.10007906 73.45515921 24.93402295 -3.18535269 0.04008944 0.01474123 0.99814203 0.04345146
1645868661.83834505 72.91801372 24.96326536 -3.16792563 0.04008108 0.01475923 0.99785115 0.04968662
1645868662.59529090 72.39501667 24.98875956 -3.14844701 0.04009664 0.01493603 0.99751613 0.05595303
1645868663.33642697 71.86926084 25.02932588 -3.12863215 0.04015143 0.01526810 0.99734693 0.05876949
1645868664.16848397 71.31937154 25.07894317 -3.10590928 0.04001419 0.01482674 0.99756149 0.05522779
1645868665.00589490 70.79804583 25.11924606 -3.07803485 0.03997871 0.01596230 0.99802102 0.04583620
1645868665.84176707 70.25361239 25.14803287 -3.05244870 0.03996155 0.01602604 0.99796692 0.04699218
1645868666.67187905 69.72895007 25.19478210 -3.02655071 0.03987659 0.01782602 0.99863709 0.02856656
1645868667.50399804 69.21134477 25.20511303 -3.01725227 0.03965592 0.01598698 0.99897182 0.01507053
1645868668.43442011 68.69837930 25.19823688 -3.00271456 0.03966387 0.01515708 0.99899541 0.01432517
1645868669.33790588 68.16493562 25.20215350 -2.98990755 0.03990727 0.01490252 0.99905508 0.00861838
1645868670.28812289 67.65685699 25.18322085 -2.96039995 0.03978784 0.01517821 0.99908368 -0.00428322
1645868671.27179289 67.14175590 25.16481069 -2.93371623 0.03963092 0.01421565 0.99890118 -0.02058494
1645868672.33972812 66.61384121 25.14006152 -2.91130011 0.03940524 0.01446372 0.99848263 -0.03564366
1645868673.44181705 66.08992871 25.09081496 -2.88433809 0.03927380 0.01469726 0.99779842 -0.05137971
1645868674.76808906 65.58852769 25.03489267 -2.84855644 0.03890244 0.01508469 0.99627808 -0.07542573
1645868675.67297292 65.07870366 24.93938277 -2.82730278 0.03872202 0.01531825 0.99380052 -0.10308487
1645868676.59556389 64.57901870 24.80477175 -2.80498947 0.03852833 0.01516317 0.99232591 -0.11651150
1645868677.50272703 64.09048660 24.65704754 -2.78693594 0.03968824 0.01555914 0.99561711 -0.08324252
1645868678.43781900 63.57456929 24.53497252 -2.75597007 0.04060566 0.01432343 0.99847624 -0.03451413
1645868679.34023404 63.05723273 24.46140412 -2.74240561 0.04101466 0.01430598 0.99903247 -0.00687419
1645868680.17429209 62.50974584 24.42611456 -2.72219515 0.04123217 0.01435626 0.99869541 0.02648175
1645868681.34404492 61.99358527 24.44799323 -2.71653067 0.04137598 0.01488776 0.99823672 0.03987275
1645868682.95261002 61.48785435 24.49376279 -2.69006914 0.04126459 0.01680948 0.99881696 0.01947724
1645868684.12487793 60.97486058 24.49855661 -2.65798055 0.04090053 0.01638295 0.99869273 0.02591481
1645868685.17619491 60.46395793 24.49959565 -2.63335589 0.04094411 0.01707340 0.99839942 0.03508095
1645868686.28458905 59.94292274 24.53439709 -2.61606828 0.04080329 0.01711811 0.99853184 0.03124449
1645868687.34434605 59.44215297 24.54985882 -2.59354135 0.04071359 0.01747640 0.99876635 0.02242242
1645868688.51072502 58.93644594 24.54473126 -2.57581307 0.04070828 0.01736939 0.99888285 0.01655863
1645868689.50719190 58.43004811 24.54489622 -2.55875951 0.04058502 0.01706241 0.99885337 0.01880636
1645868690.61533809 57.93062470 24.56286826 -2.54029404 0.04050405 0.01742592 0.99884800 0.01893212
1645868692.01011801 57.39479402 24.59587279 -2.51464607 0.04028242 0.01801438 0.99844173 0.03416020
1645868693.00898099 56.87966825 24.62373692 -2.49388986 0.04032361 0.01785656 0.99852463 0.03168147
1645868694.00632405 56.35442548 24.62737848 -2.46507539 0.03874892 0.01338564 0.99877306 0.02777970
1645868695.00688410 55.82306740 24.63294011 -2.44016465 0.03848177 0.01327735 0.99860702 0.03356924
1645868696.11430812 55.30837653 24.67500314 -2.42181228 0.03835442 0.01237187 0.99865391 0.03265343
1645868697.11729789 54.76651372 24.70159348 -2.40198401 0.03827941 0.01230943 0.99869809 0.03138923
1645868698.00753689 54.26380058 24.72608087 -2.38170214 0.03804860 0.01234822 0.99871434 0.03113660
1645868699.47160292 53.75191376 24.73445720 -2.37897195 0.03802298 0.01187960 0.99846227 0.03855159
1645868702.00780511 53.22412430 24.74684119 -2.34349093 0.03679218 0.00703616 0.99772704 0.05601418
1645868703.33889604 52.70243802 24.79419435 -2.30656134 0.03644576 0.00766862 0.99740897 0.06154870
1645868704.78715110 52.19330244 24.81018625 -2.30157749 0.03652363 0.00743606 0.99785942 0.05373360
1645868707.00930810 51.67234294 24.81513070 -2.23921696 0.03619598 0.01541655 0.99899556 -0.02144882
1645868708.67500591 51.16728120 24.76684370 -2.19658337 0.03618314 0.01660350 0.99916117 0.00959532
1645868710.29271102 50.64995475 24.79411372 -2.16508951 0.03613435 0.01638686 0.99883176 0.02758432
1645868711.84122705 50.14753514 24.82687156 -2.14810052 0.03595768 0.01535581 0.99900637 0.02138962
1645868713.17531204 49.63389286 24.82097856 -2.14196042 0.03646563 0.01492141 0.99860536 0.03514185
1645868714.46126008 49.12010478 24.81592491 -2.13741057 0.03685199 0.01416752 0.99690485 0.06798485
1645868715.50303292 48.61166163 24.87216024 -2.12599365 0.03697781 0.01417916 0.99692372 0.06763643
1645868716.61956191 48.07300934 24.93521020 -2.10313795 0.03679177 0.01327105 0.99672579 0.07076689
1645868717.62240195 47.53361584 24.98216048 -2.08664622 0.03693026 0.01323567 0.99536881 0.08776046
1645868718.45524406 47.02580754 25.03439361 -2.06881865 0.03695386 0.01271338 0.99276185 0.11356363
1645868719.50269103 46.52811593 25.10688100 -2.05519767 0.03710277 0.01264548 0.99042110 0.13239910
1645868720.61914611 46.01109879 25.20585900 -2.01531732 0.03609735 0.01311052 0.99152352 0.12412174
1645868721.45299602 45.51347140 25.30458608 -2.01089522 0.03620615 0.01240004 0.99442077 0.09829891
1645868722.28697395 45.00045549 25.38117897 -1.99223648 0.03598067 0.01278662 0.99625218 0.07761109
1645868723.17489100 44.48633147 25.43479909 -1.97217508 0.03592079 0.01296079 0.99674573 0.07099059
1645868724.12385106 43.97301218 25.47225167 -1.96327043 0.03608060 0.01181740 0.99634246 0.07655223
1645868724.95267296 43.46338510 25.51944183 -1.95716888 0.03641345 0.01096993 0.99526859 0.08941001
1645868725.83299398 42.92786716 25.59908883 -1.93686190 0.03625396 0.01126986 0.99435496 0.09908006
1645868726.66870189 42.42434919 25.68239137 -1.91934690 0.03621878 0.01187438 0.99420836 0.10048347
1645868727.50178289 41.91968746 25.75225558 -1.90250705 0.03603255 0.01220232 0.99472654 0.09524640
1645868728.34062696 41.37947965 25.82613700 -1.87782601 0.03545049 0.01191559 0.99543162 0.08784740
1645868729.16781402 40.87499187 25.87316603 -1.86635333 0.03518825 0.01071709 0.99607855 0.08046393
1645868730.12458897 40.37293339 25.92041052 -1.84608062 0.03516687 0.01098625 0.99679492 0.07101045
1645868731.00184894 39.86517341 25.96590479 -1.82769206 0.03502675 0.01110478 0.99739105 0.06213617
1645868731.95491505 39.36045819 26.00268734 -1.81163347 0.03497147 0.01118590 0.99776545 0.05582100
1645868732.79521298 38.83209542 26.01957953 -1.79170887 0.03472553 0.01112973 0.99765223 0.05796805
1645868733.50317097 38.31127246 26.01682142 -1.77428518 0.03482610 0.01183864 0.99717623 0.06547183
1645868734.28838491 37.78597465 26.06303060 -1.76071366 0.03475380 0.01143245 0.99654003 0.07462866
1645868735.00489497 37.27750418 26.11068627 -1.74848095 0.03482003 0.01117594 0.99571141 0.08497913
1645868735.83565998 36.74200216 26.17489042 -1.73019725 0.03469137 0.01140156 0.99518031 0.09100919
1645868736.66886806 36.21373067 26.25709004 -1.71210435 0.03441077 0.01171024 0.99558762 0.08651047
1645868737.50132298 35.67874568 26.32376424 -1.69985117 0.03435332 0.01139785 0.99634204 0.07741108
1645868738.33326507 35.13006343 26.38842483 -1.69776109 0.03464811 0.00964761 0.99652709 0.07510120
1645868739.16824794 34.58181473 26.43445481 -1.69542033 0.03516345 0.00989517 0.99618772 0.07921891
1645868740.00185490 34.03636372 26.48984225 -1.68358085 0.03540845 0.01034453 0.99576363 0.08422600
1645868740.83557892 33.51530252 26.56036190 -1.66498300 0.03525538 0.01069067 0.99562669 0.08585028
1645868741.66691089 32.97368330 26.62704473 -1.64685007 0.03521503 0.01073512 0.99583908 0.08336176
1645868742.49985790 32.45217293 26.70657128 -1.62837301 0.03493466 0.01052011 0.99632615 0.07747966
1645868743.33296704 31.91595162 26.76274130 -1.61753073 0.03507664 0.01017685 0.99682274 0.07078476
1645868744.16644192 31.36523804 26.80949528 -1.59873106 0.03511330 0.01021788 0.99714663 0.06603982
1645868745.00201297 30.81927885 26.84775860 -1.57967918 0.03442506 0.01021461 0.99754314 0.06015206
1645868745.78411698 30.31724290 26.88293035 -1.57247682 0.03448172 0.00955997 0.99775173 0.05666658
1645868746.62114191 29.76752685 26.91369710 -1.56010262 0.03477228 0.00999847 0.99804596 0.05094300
1645868747.47110295 29.22502226 26.93313144 -1.54817781 0.03457708 0.01048408 0.99811413 0.04962550
1645868748.16499591 28.69411796 26.96452654 -1.54028509 0.03457602 0.01038728 0.99838911 0.04376961
1645868748.94684505 28.16762868 26.96804720 -1.53330537 0.03456763 0.01015315 0.99850099 0.04120398
1645868749.67086911 27.63681690 26.98164519 -1.52490940 0.03423347 0.00962009 0.99839901 0.04398791
1645868750.45281291 27.12842309 26.98534584 -1.51563813 0.03425429 0.00920808 0.99813148 0.04975341
1645868751.33042002 26.59746693 26.99746457 -1.50400247 0.03430333 0.00886765 0.99794036 0.05347602
1645868752.27761889 26.08668347 27.02191203 -1.48499846 0.03426055 0.00908795 0.99832179 0.04579541
1645868753.77612400 25.58088494 27.03854776 -1.45160537 0.03367913 0.01003662 0.99822074 0.04816981
1645868756.83086395 25.07672140 27.06537494 -1.41908059 0.03332721 0.01011624 0.99685212 0.07122372
1645868758.10451102 24.56230957 27.11730105 -1.40103150 0.03334350 0.01059203 0.99759800 0.05978499
1645868759.32500291 24.05457053 27.14165860 -1.39086715 0.03313007 0.01128244 0.99907484 0.02499138
1645868760.32334399 23.55455943 27.13111481 -1.37636072 0.03303949 0.01048573 0.99925252 0.01711271
1645868761.16126299 23.04870605 27.14118756 -1.34607068 0.03181883 0.01066457 0.99895449 0.03104438
1645868761.93692589 22.52378482 27.16507497 -1.34862459 0.03230214 0.01046019 0.99885676 0.03365010
1645868762.60031199 22.01485245 27.18957878 -1.34315612 0.03244960 0.00982491 0.99828014 0.04782531
1645868763.32318091 21.50525128 27.23456441 -1.33643798 0.03242513 0.00973018 0.99843221 0.04457648
1645868764.09473610 20.98580771 27.26974627 -1.33199596 0.03261083 0.00915705 0.99819256 0.04964165
1645868764.92783904 20.43237527 27.29540702 -1.32060700 0.03260109 0.00912215 0.99839652 0.04536908
1645868765.76090002 19.85648664 27.31770792 -1.30130410 0.03237743 0.01006229 0.99882789 0.03454405
1645868766.49082088 19.33306430 27.32956549 -1.28525646 0.03244101 0.01039532 0.99868269 0.03837178
1645868767.26285505 18.82870796 27.34664135 -1.27145231 0.03250200 0.01027034 0.99805493 0.05219674
1645868767.98957300 18.28254162 27.38678372 -1.26429217 0.03262502 0.00923867 0.99677661 0.07270932
1645868768.76206708 17.72532692 27.45027084 -1.24752728 0.03248636 0.00936919 0.99758665 0.06064432
1645868769.49082708 17.18105857 27.48216655 -1.25468372 0.03353499 0.00829281 0.99812037 0.05061976
1645868770.15774298 16.64934910 27.51655028 -1.24761915 0.03342104 0.00820980 0.99847143 0.04324847
1645868770.82606101 16.10585652 27.53706971 -1.23587193 0.03338326 0.00801160 0.99857073 0.04096168
1645868771.48924804 15.55933919 27.57098929 -1.21048764 0.03240957 0.00784763 0.99880861 0.03562843
1645868772.15672708 15.04439936 27.59691965 -1.19740984 0.03247881 0.00782821 0.99874028 0.03743930
1645868772.82005000 14.53174002 27.60909084 -1.18447698 0.03257312 0.00714457 0.99829943 0.04781411
1645868773.58370805 13.98131500 27.65272001 -1.16316220 0.03226777 0.00725988 0.99816621 0.05069818
1645868774.42018199 13.46198905 27.69498499 -1.14864869 0.03226838 0.00717680 0.99817135 0.05060827
1645868775.32177210 12.93012787 27.72459541 -1.14293168 0.03254911 0.00675129 0.99812361 0.05142207
1645868776.25368905 12.40949672 27.77195652 -1.17165223 0.03567838 0.00563372 0.99719153 0.06560768
1645868777.08602405 11.91039752 27.82778427 -1.15762097 0.03582820 0.00534140 0.99691624 0.06961185
1645868777.82040191 11.40960599 27.88314197 -1.14894386 0.03609633 0.00542912 0.99699495 0.06832756
1645868778.58751512 10.90761182 27.93963867 -1.13341901 0.03604041 0.00620078 0.99747998 0.06079744
1645868779.32191992 10.37783849 28.00364065 -1.09607271 0.03463154 0.00802276 0.99807264 0.05086551
1645868780.08466601 9.87360240 28.04620197 -1.08097165 0.03438357 0.00944872 0.99842909 0.04321845
1645868780.91302109 9.32130423 28.08597391 -1.07009287 0.03446937 0.00990215 0.99867995 0.03677196
1645868781.65244389 8.79780963 28.10757013 -1.05093598 0.03368510 0.00851442 0.99891821 0.03090670
1645868782.41117311 8.28287592 28.12697750 -1.03672129 0.03345110 0.00847200 0.99923421 0.01844569
1645868783.15185690 7.76305029 28.14041001 -1.03369392 0.03340535 0.00855677 0.99939623 -0.00424622
1645868783.98609400 7.23324920 28.12294467 -1.02656721 0.03305094 0.00906392 0.99876091 -0.03608499
1645868784.90934706 6.72404404 28.05109966 -1.01132938 0.03244245 0.00902161 0.99697723 -0.07001780
1645868785.81960607 6.22147208 27.94509067 -0.99216205 0.03181910 0.00949672 0.99420898 -0.10220497
1645868786.82042003 5.69338513 27.86254723 -0.97910822 0.03096547 0.01042083 0.99027150 -0.13525865
1645868787.82047009 5.20461119 27.73137069 -0.95764073 0.03043642 0.00912953 0.98634545 -0.16159494
1645868788.98689795 4.71344964 27.54813833 -0.94101830 0.03001926 0.00846781 0.98215583 -0.18546448
1645868790.08447409 4.23355560 27.32479591 -0.92301998 0.02907448 0.00868512 0.97696571 -0.21122795
1645868790.98841500 3.76808223 27.10360248 -0.91586600 0.02850507 0.00924349 0.97082853 -0.23789490
1645868791.98482895 3.30903765 26.84940175 -0.89934216 0.02773008 0.00979104 0.96272062 -0.26889437
1645868793.15292597 2.85364653 26.56966776 -0.89517073 0.02732463 0.01092216 0.95124271 -0.30703645
1645868794.31779194 2.41621447 26.26256315 -0.87888294 0.02584008 0.01191391 0.93645835 -0.34962280
1645868795.42542505 2.01516706 25.90594724 -0.87229918 0.02400171 0.01350351 0.91210056 -0.40904052
1645868796.31977391 1.70184492 25.50804530 -0.86539617 0.02292269 0.01382857 0.89362357 -0.44801811
1645868797.31983209 1.40230618 25.09463131 -0.84864052 0.02294097 0.01356146 0.89059889 -0.45400817
1645868798.32057905 1.11297345 24.68011912 -0.84815959 0.02330190 0.01316283 0.89021937 -0.45474524
1645868799.31854892 0.80143177 24.24772700 -0.84852409 0.02302318 0.01349490 0.88770498 -0.45963865
1645868800.31837511 0.46433450 23.84227698 -0.84524221 0.02096116 0.01653454 0.88731863 -0.46038341
1645868801.48486304 0.16724278 23.42742106 -0.84405344 0.02084266 0.01724737 0.88287035 -0.46883692
1645868802.65243292 -0.12645232 23.00457031 -0.82154976 0.01939842 0.01910157 0.87770267 -0.47843165
1645868803.65196204 -0.41056417 22.55811341 -0.82286879 0.01974690 0.01874219 0.87347221 -0.48611221
1645868804.59771991 -0.69388699 22.09918146 -0.80761604 0.01915443 0.01929307 0.86937432 -0.49340569
1645868805.48435307 -0.98028662 21.62701583 -0.80160914 -0.01886136 -0.01981366 -0.86169717 0.50668496
1645868806.31827688 -1.24159794 21.18043982 -0.80109747 -0.01996086 -0.01765300 -0.85643723 0.51556300
1645868807.15209293 -1.49473846 20.73120173 -0.78521485 -0.01949552 -0.01690469 -0.85099201 0.52454434
1645868808.10278606 -1.74162426 20.26923812 -0.81349687 -0.02042551 -0.01591613 -0.84057961 0.54106875
1645868808.93243408 -1.97219493 19.77499392 -0.81315577 -0.02024257 -0.01542966 -0.82769051 0.56060734
1645868809.76713300 -2.16226114 19.29529419 -0.81991317 -0.01940942 -0.01559490 -0.80848767 0.58798619
1645868810.60433602 -2.32086512 18.79601229 -0.83128560 -0.01823987 -0.01597450 -0.78737432 0.61599821
1645868811.43667293 -2.43236155 18.29164081 -0.83284834 -0.01851793 -0.01476759 -0.76706077 0.64113710
1645868812.32102895 -2.53041822 17.78461983 -0.82790138 -0.01745699 -0.01466163 -0.74442641 0.66731522
1645868813.26882410 -2.58220101 17.24645841 -0.83133312 -0.01636636 -0.01521959 -0.72615090 0.68717202
1645868814.15256095 -2.61996614 16.70808251 -0.81366173 -0.01604342 -0.01504026 -0.72397767 0.68947279
1645868814.98504090 -2.65445830 16.16038357 -0.82658947 -0.01704805 -0.01462082 -0.72760449 0.68562913
1645868815.81898189 -2.69717916 15.66109514 -0.81894361 -0.01723786 -0.01452255 -0.72538233 0.68797705
1645868816.76685691 -2.73267992 15.11828404 -0.81459263 -0.01709809 -0.01447592 -0.72404646 0.68938728
1645868817.60365701 -2.77621301 14.61208225 -0.81027008 -0.01621765 -0.01539085 -0.72167489 0.69187099
1645868818.48883200 -2.80600215 14.07465458 -0.81532226 -0.01597719 -0.01598512 -0.71736962 0.69632610
1645868819.44273806 -2.83519102 13.56000102 -0.81666293 -0.01614572 -0.01594176 -0.71312328 0.70067137
1645868820.31916499 -2.85232083 13.02444188 -0.81012259 -0.01677170 -0.01541810 -0.71780466 0.69587173
1645868821.15209293 -2.86461218 12.48812555 -0.81712039 -0.01779861 -0.01505159 -0.72269392 0.69077504
1645868821.98489308 -2.84650314 11.96480265 -0.82450568 -0.01726712 -0.01519703 -0.72278536 0.69068967
1645868822.94693398 -2.88179893 11.44507853 -0.83740887 -0.01702664 -0.01528255 -0.72248475 0.69100820
1645868823.98549104 -2.90535575 10.94585891 -0.86361172 -0.01775458 -0.01486763 -0.72062092 0.69294244
1645868825.31652999 -2.94664658 10.44115569 -0.88519527 -0.01756218 -0.01564245 -0.71511801 0.69860799
1645868826.64944410 -2.95920764 9.90443965 -0.87484231 -0.01619080 -0.01586237 -0.70856066 0.70528578
1645868827.81862497 -2.98467018 9.38810545 -0.86925137 -0.01466511 -0.01611956 -0.67267605 0.73961614
1645868828.92847800 -2.94071728 8.88776725 -0.87168194 -0.01260537 -0.01551684 -0.61993715 0.78439675
1645868830.14842892 -2.83574219 8.38369019 -0.86466710 -0.00921626 -0.01627681 -0.54798841 0.83627676
1645868831.92512012 -2.65278011 7.89142451 -0.84185851 -0.00257728 -0.02003524 -0.45724498 0.88911134
1645868833.25660610 -2.37186800 7.46052703 -0.83833457 -0.00125027 -0.01860943 -0.38197568 0.92398415
1645868834.64958191 -2.01888479 7.08417497 -0.83171516 0.00181056 -0.01823324 -0.30671475 0.95162510
1645868836.08923101 -1.59273095 6.77556187 -0.83517236 0.00474734 -0.01871462 -0.23558277 0.97166248
1645868837.32200599 -1.12562506 6.54159442 -0.82837473 0.00691753 -0.01816574 -0.16833230 0.98553863
1645868838.65626097 -0.62935368 6.37267912 -0.83458780 0.00870071 -0.01756915 -0.10746411 0.99401564
1645868839.99295712 -0.13512985 6.26191798 -0.83483718 0.00991226 -0.01723316 -0.04659176 0.99871616
1645868841.15990496 0.36642200 6.21393194 -0.82962068 0.01068530 -0.01659366 -0.01515313 0.99969038
1645868848.92583394 0.86803510 6.23089904 -0.79028489 0.01170050 -0.01644249 -0.04194956 0.99891590
1645868850.08774710 1.38856041 6.17197476 -0.79002837 0.01191717 -0.01628974 -0.03394873 0.99921975
1645868851.09684205 1.93210998 6.13471331 -0.78309368 0.01177097 -0.01617775 -0.03379989 0.99922835
1645868852.10090995 2.47778190 6.10812537 -0.79665937 0.01176035 -0.01644301 -0.03616895 0.99914120
1645868852.98873711 2.99516976 6.10251434 -0.79373238 0.01226671 -0.01640098 -0.03542308 0.99916252
1645868853.99449205 3.52406481 6.08355349 -0.80694864 0.01162480 -0.01657585 -0.05440928 0.99831345
1645868854.98951292 4.07687178 6.02887199 -0.80612299 0.01212667 -0.01648852 -0.05857060 0.99807342
1645868855.82535100 4.58689445 5.99750418 -0.80559464 0.01314039 -0.01597758 -0.04836763 0.99861535
1645868856.65585899 5.11037591 5.97808372 -0.81547915 0.01392253 -0.01603910 -0.02338815 0.99950083
1645868857.41321898 5.62060378 5.97555616 -0.82201946 0.01454921 -0.01592464 -0.00294899 0.99976299
1645868858.24591398 6.14317395 5.98054496 -0.82219607 0.01517193 -0.01562194 0.01528514 0.99964600
1645868859.15497804 6.64990521 6.03152226 -0.82451058 0.01618906 -0.01569321 0.02803815 0.99935254
1645868860.24758506 7.17528071 6.08526961 -0.82271898 0.01618194 -0.01532888 0.03827516 0.99901861
1645868861.41277194 7.70415589 6.14842403 -0.83054118 0.01595310 -0.01516119 0.04129261 0.99890468
1645868862.82566500 8.20759132 6.22641924 -0.81910583 0.01608639 -0.01409027 0.04188289 0.99889365
