# timestamp tx ty tz qx qy qz qw
1645870652.26259804 -0.00388223 -0.00593518 -0.02042428 0.00027776 -0.00034890 0.00002168 0.99999990
1645870659.08984494 1.01186841 -0.05695971 -0.11545707 0.00088701 -0.00115575 0.00774582 0.99996894
1645870660.51657104 2.03469685 -0.01871756 -0.26330452 0.00022663 -0.00238622 -0.00645026 0.99997632
1645870661.75929189 3.03200002 -0.04846175 -0.34641582 0.00082706 -0.00293791 -0.02724980 0.99962400
1645870663.01913095 4.07463995 -0.10133644 -0.40330446 -0.00165752 -0.00376833 -0.03618314 0.99933670
1645870664.35288692 5.07375690 -0.20863329 -0.49509335 -0.00108678 -0.00386465 -0.02170339 0.99975639
1645870665.84859204 6.13803683 -0.21663590 -0.50010705 -0.00254730 -0.00259935 -0.03470092 0.99939112
1645870667.01699090 7.15712885 -0.26438583 -0.53803849 -0.00125100 -0.00331386 -0.03373772 0.99942444
1645870668.09378505 8.15299421 -0.33960090 -0.62195893 -0.00190927 -0.00465440 -0.05585178 0.99842640
1645870669.42485690 9.16442948 -0.41961908 -0.60145593 -0.00317116 -0.00340108 -0.04354061 0.99904084
1645870670.75791192 10.17304501 -0.49465543 -0.64584217 -0.00113033 -0.00428805 -0.05386407 0.99853843
1645870672.19024992 11.19842319 -0.58599444 -0.70559939 0.00059865 -0.00385385 -0.02503271 0.99967902
1645870673.53703690 12.26091759 -0.57173835 -0.81078491 0.00254581 -0.00516754 -0.00829473 0.99994901
1645870674.75707102 13.26846093 -0.59700858 -0.84722082 0.00234487 -0.00474284 -0.01693249 0.99984264
1645870676.02760506 14.31377664 -0.58077771 -0.92716831 0.00377217 -0.00526883 -0.02032204 0.99977249
1645870677.19120002 15.37490046 -0.59432131 -0.98243430 0.00342221 -0.00637567 -0.03166977 0.99947219
1645870678.42431092 16.38287999 -0.67865398 -1.03090950 0.00500589 -0.00629562 -0.02248254 0.99971488
1645870679.68894911 17.42819348 -0.78343091 -1.03282042 0.00795735 -0.00629675 -0.00361727 0.99994197
1645870680.92335200 18.45745380 -0.86136282 -1.03900476 0.00829964 -0.00580242 0.01151237 0.99988245
1645870682.19003010 19.51795222 -0.86188916 -1.05448133 0.00778510 -0.00586951 -0.00726367 0.99992609
1645870683.42369699 20.54417159 -0.87724662 -1.05065998 0.00689595 -0.00525543 -0.00910453 0.99992096
1645870684.59139991 21.57136647 -0.89600861 -1.07574576 0.00624485 -0.00574519 -0.03282459 0.99942511
1645870685.85884309 22.65360411 -0.93240251 -1.07857353 0.00525442 -0.00580006 0.00119023 0.99996867
1645870687.69217706 23.69979697 -0.97333828 -1.11959941 0.00727313 -0.00615089 -0.00263831 0.99995115
1645870689.02155089 24.70405839 -1.02002279 -1.10999317 0.00701009 -0.00542490 0.00249883 0.99995759
1645870690.19149899 25.74538643 -1.00877780 -1.13803030 0.00603357 -0.00480424 0.02026227 0.99976495
1645870691.35689402 26.81828052 -0.98609504 -1.20994269 0.00806294 -0.00584819 -0.00421111 0.99994153
1645870692.52592111 27.86335794 -0.98379987 -1.25568475 0.00708408 -0.00657769 -0.02514276 0.99963713
1645870693.68893909 28.88313363 -1.06405210 -1.30857465 0.00974379 -0.00651280 -0.00637908 0.99991097
1645870694.92141390 29.88673373 -1.15619478 -1.33928596 0.01122104 -0.00671087 -0.00356116 0.99990818
1645870696.08684301 30.92993704 -1.12950021 -1.38297066 0.01068699 -0.00618000 -0.00157058 0.99992256
1645870697.19979191 31.94328781 -1.15901139 -1.41470823 0.00853097 -0.00605115 -0.01707514 0.99979950
1645870698.35574794 33.01943335 -1.20713915 -1.41720807 0.00700014 -0.00620315 -0.02269476 0.99969869
1645870699.51898503 34.10727843 -1.25299213 -1.50358002 0.00621864 -0.00612657 -0.02281720 0.99970154
1645870700.58759189 35.10765845 -1.25623037 -1.58387308 0.00675548 -0.00596783 -0.01103780 0.99989845
1645870701.67944098 36.11276713 -1.24605102 -1.54951519 0.00802103 -0.00582526 -0.00178875 0.99994926
1645870703.35131311 37.11515813 -1.32844714 -1.60076390 0.00876123 -0.00637413 -0.01517817 0.99982610
1645870705.68011498 38.16330451 -1.35915469 -1.49607362 0.00753481 -0.00523727 -0.02271108 0.99969996
1645870707.08357596 39.16594449 -1.39595218 -1.50222756 0.00832436 -0.00568727 -0.01863179 0.99977558
1645870708.25022888 40.20169692 -1.36277979 -1.51854139 0.01158904 -0.00596198 -0.03086800 0.99943850
1645870709.51408410 41.20946723 -1.45548439 -1.59224820 0.01203763 -0.00586465 -0.02397050 0.99962299
1645870710.75070810 42.25960768 -1.48573921 -1.59024786 0.01369086 -0.00567138 -0.00696682 0.99986592
1645870711.91708302 43.27339119 -1.47142998 -1.60033042 0.01306841 -0.00523367 -0.01466747 0.99979332
1645870713.08252597 44.33079190 -1.50419971 -1.57152017 0.01272808 -0.00523604 -0.01335989 0.99981603
1645870714.34537697 45.39573742 -1.53213021 -1.66398557 0.01272567 -0.00558198 -0.02323057 0.99963355
1645870715.50886512 46.40261478 -1.56122648 -1.66337075 0.01170222 -0.00576233 -0.03380453 0.99934334
1645870716.58256292 47.44191940 -1.56211569 -1.68912763 0.01267706 -0.00579003 -0.01750965 0.99974956
1645870717.67894411 48.44722890 -1.55716760 -1.73092126 0.01271410 -0.00578622 -0.01608679 0.99977302
1645870718.67884302 49.48576305 -1.59609850 -1.76934263 0.01206599 -0.00656479 -0.02149361 0.99967462
1645870719.74902105 50.54985227 -1.60054009 -1.81007417 0.01132800 -0.00658335 -0.02217745 0.99966819
1645870720.83980703 51.62278648 -1.65986856 -1.86500503 0.01121570 -0.00683423 -0.03464332 0.99931344
1645870721.91298890 52.65008426 -1.73093510 -1.88566879 0.00966959 -0.00632127 -0.03969813 0.99914493
1645870723.00852704 53.65130678 -1.75731951 -1.89576192 0.01279438 -0.00613743 0.01032004 0.99984605
1645870724.24516106 54.68564600 -1.69127869 -1.93647345 0.01542257 -0.00568444 0.05975898 0.99807750
1645870725.41512299 55.70180041 -1.56916037 -1.93007285 0.01698736 -0.00425060 0.13955522 0.99005944
1645870726.74767590 56.71132322 -1.29053291 -1.98539905 0.01779791 -0.00361760 0.17760249 0.98393471
1645870728.02050304 57.69022553 -0.90901917 -2.05247816 0.01918924 -0.00331577 0.22166075 0.97492938
1645870729.24958611 58.60180054 -0.45034410 -2.08442363 0.01982690 -0.00305424 0.24435582 0.96947811
1645870730.41673899 59.53304035 0.04075331 -2.14915121 0.02015755 -0.00296169 0.24757659 0.96865408
1645870731.52238798 60.45729410 0.55508721 -2.17485232 0.02057489 -0.00300063 0.24724921 0.96872880
1645870732.58081508 61.33056154 1.07808924 -2.18255142 0.01823206 -0.00313168 0.23366094 0.97214215
1645870733.68599200 62.29025818 1.55567676 -2.21625496 0.01721357 -0.00372142 0.23313512 0.97228487
1645870734.74819803 63.18983127 2.05131342 -2.23447840 0.01708785 -0.00415384 0.22158167 0.97498324
1645870735.85955811 64.18335666 2.52150822 -2.25816654 0.01878962 -0.00301811 0.24024520 0.97052567
1645870736.91341805 65.10581819 3.05547211 -2.27678193 0.01801688 -0.00313421 0.23616065 0.97154193
1645870738.02196598 66.07094233 3.49619724 -2.28702106 0.01673038 -0.00323769 0.22193284 0.97491304
1645870739.02345109 66.95178908 3.97181531 -2.29478511 0.01579047 -0.00336294 0.19583316 0.98050432
1645870740.08168697 67.86403151 4.42211684 -2.30589754 0.01231163 -0.00448040 0.12915834 0.99153743
1645870741.35265088 68.86637465 4.73297601 -2.37690243 0.01040209 -0.00480058 0.04448362 0.99894442
1645870742.68515611 69.90399013 4.79789908 -2.36716658 0.00866988 -0.00434849 -0.00639801 0.99993249
1645870743.91251302 70.91311657 4.71849294 -2.43276335 0.00847725 -0.00420171 -0.00747368 0.99992731
1645870745.35017490 71.91572126 4.69782782 -2.45585760 0.00849880 -0.00436891 -0.02215323 0.99970892
1645870746.52220607 72.94353206 4.68271418 -2.43937891 0.00618475 -0.00395896 -0.03132936 0.99948214
1645870747.51914096 74.02536833 4.63668226 -2.46963652 0.00381863 -0.00464674 -0.05468620 0.99848548
1645870748.52047300 75.07281671 4.55776501 -2.43894725 0.00420791 -0.00505746 -0.05846262 0.99826792
1645870749.52540898 76.10898810 4.42487182 -2.42723584 0.00655238 -0.00424265 -0.04569601 0.99892489
1645870750.52486992 77.13647995 4.33498668 -2.42040956 0.00680260 -0.00402175 -0.05772910 0.99830101
1645870751.58685303 78.19395316 4.25855098 -2.42750065 0.00661200 -0.00385351 -0.06668583 0.99774467
1645870752.69180608 79.21416836 4.12691331 -2.38906631 0.00629404 -0.00334745 -0.07987846 0.99677912
1645870754.08390093 80.23321434 4.05627914 -2.47816274 0.01133748 -0.00700415 -0.10637794 0.99423646
1645870755.90936589 81.21395381 3.89407871 -2.35675627 0.01140266 -0.00687115 -0.11938167 0.99275918
1645870757.35917997 82.20444629 3.67157027 -2.22977686 0.01492543 -0.00294686 -0.12292499 0.99229935
1645870758.52399302 83.26239338 3.42923940 -2.22774323 0.01408254 -0.00222006 -0.19031507 0.98161954
1645870759.52648306 84.21509625 3.08274535 -2.27123659 0.01259281 -0.00213743 -0.23747539 0.97130958
1645870760.53194594 85.14396299 2.63023149 -2.24271867 0.01144289 -0.00113404 -0.26581894 0.96395439
1645870761.52849603 86.02977924 2.13671152 -2.27089357 0.01068770 -0.00077258 -0.29142759 0.95653287
1645870762.54821396 86.85607467 1.54793598 -2.34376439 0.01030914 -0.00093249 -0.30385456 0.95266219
1645870763.58363199 87.67319860 0.95573696 -2.40523395 0.01231785 -0.00170664 -0.29649154 0.95495451
1645870764.70126510 88.55520197 0.37567048 -2.47833409 0.01319345 -0.00144157 -0.25768816 0.96613698
1645870765.69943404 89.46762468 -0.10878922 -2.52500242 0.01514819 -0.00142014 -0.22583097 0.97404768
1645870766.69090104 90.42290142 -0.51778646 -2.56504067 0.01553152 -0.00223686 -0.19616466 0.98044541
1645870767.70587111 91.38949699 -0.90092563 -2.61694369 0.01783739 -0.00206220 -0.16829140 0.98557373
1645870768.68479800 92.39100270 -1.16825019 -2.62510636 0.01726868 -0.00077244 -0.15263170 0.98813196
1645870769.70156908 93.42407080 -1.47863244 -2.70200878 0.01779595 -0.00145398 -0.14510285 0.98925545
1645870770.68054700 94.49058612 -1.68292502 -2.75373761 0.01968210 -0.00177167 -0.10464310 0.99431348
1645870771.57687807 95.48739784 -1.83135630 -2.76687558 0.02363586 -0.00156388 -0.06909097 0.99732910
1645870772.57963109 96.54822302 -1.90397318 -2.78745230 0.02224157 -0.00063433 -0.06683841 0.99751568
1645870773.57990408 97.62170477 -1.97896849 -2.84624037 0.02290895 -0.00093432 -0.06019803 0.99792310
1645870774.51073003 98.63292794 -2.03499912 -2.86647979 0.02371213 -0.00053757 -0.06171082 0.99781222
1645870775.40872693 99.65079857 -2.08627749 -2.87405484 0.02271103 -0.00060238 -0.05736557 0.99809470
1645870776.40896392 100.68911508 -2.19144485 -2.86848344 0.02360454 -0.00031526 -0.05931246 0.99796030
1645870777.34185410 101.72671214 -2.23507491 -2.91343235 0.02231220 -0.00081757 -0.06270986 0.99778203
1645870778.35543704 102.82163890 -2.27934192 -2.90855569 0.02245154 -0.00053101 -0.06772475 0.99745125
1645870779.24615788 103.81763545 -2.38686702 -2.94065935 0.02137323 -0.00028004 -0.07674478 0.99682162
1645870780.18755293 104.88607184 -2.54053925 -3.01092695 0.02228445 -0.00071328 -0.08410327 0.99620758
1645870781.07377696 105.92546973 -2.69586406 -3.01477308 0.02153503 -0.00022120 -0.10598676 0.99413430
1645870782.00000191 106.99765591 -2.84497457 -3.09293650 0.01620699 -0.00187255 -0.12651202 0.99183090
1645870782.99695611 108.04208591 -3.08101300 -3.15852606 0.01525834 -0.00218301 -0.15613932 0.98761477
1645870783.99852204 109.05337701 -3.43845986 -3.10259623 0.01230105 -0.00204731 -0.16662917 0.98594077
1645870784.90439892 110.04632096 -3.70988462 -3.06549020 0.01071925 -0.00134633 -0.16636576 0.98600493
1645870785.83074903 111.04870055 -3.92577836 -3.11825426 0.00537260 -0.00206954 -0.16998173 0.98543039
1645870786.89888906 112.06755380 -4.17522769 -3.16616384 0.00643096 -0.00252793 -0.17403323 0.98471554
1645870787.89843392 113.04429310 -4.45385226 -3.26106404 0.00387823 -0.00302458 -0.18389119 0.98293430
1645870788.89771390 114.05382072 -4.72028862 -3.29680517 0.00341945 -0.00358886 -0.20245276 0.97927948
1645870789.90044188 115.03731060 -4.98243933 -3.31380106 0.00200357 -0.00327616 -0.22704545 0.97387659
1645870790.90065098 116.01618275 -5.40805217 -3.36440074 0.01082573 -0.00380116 -0.23037127 0.97303516
1645870791.90150189 116.98550536 -5.88472771 -3.44703010 0.00393408 -0.00543639 -0.20875588 0.97794476
1645870792.82751799 117.98654536 -6.30472340 -3.49179644 0.00441036 -0.00639863 -0.22963411 0.97324600
1645870793.73269701 118.94881273 -6.69214908 -3.47873103 0.00622422 -0.00696647 -0.21990530 0.97547649
1645870794.73559690 119.90286918 -7.13691401 -3.53912299 0.00756090 -0.00746748 -0.22279520 0.97480735
1645870795.73603892 120.89427722 -7.56164587 -3.54576950 0.00695566 -0.00706761 -0.23582980 0.97174378
1645870796.65878892 121.84733848 -7.93626762 -3.57888695 0.01073866 -0.00787530 -0.24404327 0.96967291
1645870797.65945506 122.81280895 -8.39629419 -3.50435042 0.01538122 -0.00699182 -0.24029844 0.97055200
1645870798.65810800 123.74934797 -8.88905353 -3.56715978 0.01690778 -0.00776872 -0.23728859 0.97126098
1645870799.65815997 124.71021007 -9.32391156 -3.72374102 0.01693996 -0.00910107 -0.23989873 0.97060744
1645870800.65998793 125.71404969 -9.75541304 -3.74392821 0.01812148 -0.00863979 -0.22395368 0.97439300
1645870801.66031694 126.71811000 -10.14439537 -3.79061138 0.01983173 -0.00835453 -0.22129239 0.97497004
1645870802.65996909 127.67009805 -10.56689135 -3.81972702 0.01932842 -0.00826747 -0.21139501 0.97717461
1645870803.56724811 128.60105457 -10.99260330 -3.80867088 0.02128898 -0.00823880 -0.22222938 0.97472714
1645870804.49242091 129.54198035 -11.41193339 -3.82800905 0.01914638 -0.00797361 -0.22932987 0.97312777
1645870805.40012193 130.47723721 -11.91702771 -3.83361531 0.02023404 -0.00684308 -0.23921920 0.97073062
1645870806.32288003 131.41443925 -12.44568496 -3.73898960 0.02121555 -0.00562116 -0.25438194 0.96685476
1645870807.32360101 132.34930698 -12.96619192 -3.72512495 0.01702210 -0.00432406 -0.27113597 0.96238082
1645870808.32319307 133.21836348 -13.53108282 -3.76575488 0.01740708 -0.00448332 -0.30259578 0.95294947
1645870809.90113091 134.01377886 -14.17537890 -3.84848228 0.00543270 -0.00419771 -0.32247823 0.94655198
1645870812.23443103 134.84562126 -14.78274823 -3.86568925 0.00672403 -0.00299624 -0.31794094 0.94808194
1645870814.49074006 135.64530933 -15.42416652 -3.88327401 0.00921000 -0.00345115 -0.32096431 0.94704022
1645870815.89646697 136.48021422 -16.00923384 -3.88038532 0.01152965 -0.00285711 -0.31682779 0.94840870
1645870816.98591495 137.36535681 -16.60722643 -3.95509107 0.01052688 -0.00438927 -0.32608379 0.94527207
1645870818.06483412 138.25057916 -17.21930067 -4.05422906 0.01808800 -0.01116580 -0.34342005 0.93894133
1645870818.98470998 139.04973433 -17.84588932 -4.09713924 0.01495673 -0.01067455 -0.37166787 0.92818389
1645870819.98689389 139.85655415 -18.53780999 -4.10586192 0.02016985 -0.01289422 -0.37757938 0.92566772
1645870820.98474312 140.65673302 -19.22390133 -4.16339296 0.02080571 -0.01323075 -0.38851282 0.92111338
1645870821.98988295 141.43517885 -19.95070381 -4.23327157 0.02741703 -0.01733870 -0.39541659 0.91792886
1645870822.98532796 142.21455473 -20.71318610 -4.25622766 0.02622337 -0.01597119 -0.40138622 0.91539410
1645870823.98360491 142.93456610 -21.48757375 -4.29519197 0.02706758 -0.01690214 -0.41834883 0.90772568
1645870824.98610592 143.61092468 -22.29467213 -4.27184031 0.02079047 -0.01438152 -0.42411330 0.90525623
1645870825.89859700 144.34257077 -23.08170003 -4.36946975 0.02180935 -0.01457751 -0.41454430 0.90965096
1645870826.89813590 144.97823263 -23.89861104 -4.36828659 0.02262563 -0.01553942 -0.41889023 0.90762194
1645870827.98548102 145.63315333 -24.73796585 -4.33757427 0.01800379 -0.01230851 -0.42318697 0.90577986
1645870829.06507802 146.28861988 -25.52686053 -4.33901657 0.01478414 -0.01068979 -0.40218414 0.91537701
1645870830.06495190 146.93033220 -26.30861137 -4.34419277 0.01242909 -0.00947804 -0.43319318 0.90116555
1645870830.98759103 147.53629034 -27.09999712 -4.43246278 0.01307329 -0.01064433 -0.45282793 0.89143853
1645870831.98596907 148.15663740 -27.94669694 -4.49161633 0.01433141 -0.01200383 -0.44558527 0.89504429
1645870832.98917103 148.80026339 -28.83126921 -4.47855724 0.01309754 -0.01084748 -0.44389204 0.89591888
1645870833.98886800 149.49638261 -29.66978655 -4.55532251 0.01339296 -0.01125848 -0.45655322 0.88952405
1645870834.89638090 150.13917308 -30.47253649 -4.66822013 0.01560154 -0.01299629 -0.41849505 0.90799206
1645870835.82211304 150.76392002 -31.25359002 -4.66292564 0.01848429 -0.01273169 -0.44096861 0.89724184
1645870836.89593291 151.43637064 -32.06703927 -4.72874596 0.01425078 -0.01033631 -0.45391250 0.89087233
1645870837.89683700 151.99111660 -32.98250766 -4.81017556 0.01670361 -0.01309985 -0.44450271 0.89552595
1645870838.73023796 152.57070838 -33.80748399 -4.81361977 0.01764614 -0.01357607 -0.45861092 0.88835822
1645870839.65091705 153.16945910 -34.68376956 -4.80778139 0.01256805 -0.01103514 -0.46664680 0.88428560
1645870840.56236005 153.76780054 -35.56549255 -4.85004236 0.01543360 -0.01439872 -0.44776246 0.89390338
1645870841.48760200 154.45543215 -36.41138155 -4.81198705 0.01289756 -0.01077686 -0.45260033 0.89155508
1645870842.32198000 155.04808579 -37.23576285 -4.81303247 0.01449205 -0.01237379 -0.44157440 0.89702225
1645870843.22911501 155.63025955 -38.13573276 -4.87692208 0.01031087 -0.01189053 -0.44428787 0.89574583
1645870844.06266904 156.18978991 -38.97006744 -4.89475860 0.01047344 -0.01308440 -0.43339681 0.90104734
1645870844.89510012 156.82230123 -39.75915450 -4.92368522 0.00558994 -0.00934661 -0.42700965 0.90418148
1645870845.72941303 157.45789894 -40.53998457 -4.95118900 0.00293766 -0.00856489 -0.44710012 0.89443809
1645870846.65664411 158.05689902 -41.40285353 -4.99640777 0.00053223 -0.00888821 -0.44504580 0.89546354
1645870847.56398010 158.65140773 -42.20375550 -5.08062726 0.00256403 -0.00993043 -0.44139390 0.89725484
1645870848.48632002 159.29122812 -42.98667572 -5.04485897 0.00399606 -0.01067231 -0.43968313 0.89808066
1645870849.39740300 159.92563420 -43.79798090 -5.05800631 0.00403634 -0.01070433 -0.44889305 0.89351226
1645870850.32515812 160.56805945 -44.59119599 -5.05700838 0.00657081 -0.01168081 -0.43165337 0.90193999
1645870851.32510495 161.30580175 -45.38426845 -5.12559405 0.00984554 -0.01575776 -0.43204200 0.90166206
1645870852.32936502 162.00742066 -46.09958234 -5.22001155 0.01042575 -0.01717399 -0.42991041 0.90264799
1645870853.39651799 162.67067167 -46.85593699 -5.17151358 0.00919642 -0.01593943 -0.45687897 0.88933850
1645870854.39825892 163.30494180 -47.69497258 -5.17861966 0.01086639 -0.01590463 -0.44823558 0.89370791
1645870855.39597607 163.95874531 -48.53770343 -5.26731538 0.00949395 -0.01853481 -0.43754997 0.89895292
1645870856.40089202 164.60219838 -49.33358092 -5.33300611 0.01361698 -0.02058816 -0.38474259 0.92269380
1645870857.49504995 165.30181843 -50.11141359 -5.32794901 0.01379860 -0.02301732 -0.39653964 0.91762526
1645870858.66095805 166.05918374 -50.89764740 -5.36527421 0.01314917 -0.02327181 -0.40276108 0.91491477
1645870859.66084409 166.82749245 -51.65230099 -5.40901882 0.01318548 -0.02368037 -0.40633102 0.91332387
1645870860.65763593 167.52329742 -52.49381199 -5.41083828 0.01061319 -0.02282538 -0.38961910 0.92063202
1645870861.56141210 168.21591374 -53.23006936 -5.41838311 0.01171802 -0.02247550 -0.41930645 0.90749085
1645870862.49313688 168.87792457 -54.04233792 -5.45031962 0.01219986 -0.02243870 -0.40503827 0.91394293
1645870863.39454603 169.63573267 -54.74150237 -5.50621067 0.00910452 -0.02081897 -0.40757126 0.91289066
1645870864.32783389 170.38615737 -55.52399569 -5.50684004 0.01124913 -0.02216376 -0.40029693 0.91604836
1645870865.32329011 171.07142012 -56.31743689 -5.52937565 0.01169981 -0.01949561 -0.40222556 0.91525823
1645870866.22665811 171.76636173 -57.04116203 -5.59104274 0.00984892 -0.02012774 -0.39740202 0.91737098
1645870867.15109706 172.45895155 -57.78610933 -5.49543347 0.01593255 -0.01880694 -0.39038443 0.92032193
1645870868.15105391 173.22574043 -58.55679181 -5.52749715 0.01549047 -0.01877386 -0.40827638 0.91253383
1645870869.05881691 173.94067088 -59.29741477 -5.51105421 0.01636075 -0.01950715 -0.40281998 0.91492506
1645870869.98479700 174.55907852 -60.08408518 -5.58432408 0.01293003 -0.01854262 -0.39964297 0.91639210
1645870870.98827195 175.31469251 -60.87235433 -5.64070375 0.01549537 -0.01860426 -0.40337963 0.91471233
1645870871.89244890 176.04750333 -61.58553244 -5.66777366 0.01250104 -0.01954181 -0.39749300 0.91731192
1645870872.82089901 176.81724331 -62.31844309 -5.62556769 0.01772875 -0.01902907 -0.39393839 0.91876881
1645870873.65195394 177.50016146 -63.05921909 -5.64054668 0.00994346 -0.01567409 -0.38790015 0.92151447
1645870874.55726409 178.31180867 -63.78505319 -5.60411699 0.00025307 -0.01011811 -0.38009011 0.92489409
1645870875.39037204 179.07619316 -64.44982918 -5.64955706 0.00242631 -0.01152475 -0.38723702 0.92190498
1645870876.39169788 179.82324741 -65.13372961 -5.71322133 0.00846830 -0.01506597 -0.37190429 0.92811018
1645870877.39259601 180.60032765 -65.82650880 -5.66831633 0.01086386 -0.01375208 -0.37234943 0.92792713
1645870878.39019704 181.33206883 -66.52209725 -5.70097872 0.01029827 -0.01475259 -0.36967936 0.92898519
1645870879.39098501 182.09044699 -67.24083121 -5.78557832 0.00787787 -0.01411126 -0.37183994 0.92815617
1645870880.31412292 182.87597294 -67.91976938 -5.79378329 0.00771040 -0.01369627 -0.39061663 0.92041926
1645870881.21976399 183.60883262 -68.67801047 -5.83018532 0.00712718 -0.01422394 -0.39550378 0.91832654
1645870882.14340401 184.29221888 -69.42953037 -5.86597650 0.00648921 -0.01480922 -0.40461975 0.91434208
1645870883.14311290 185.05268602 -70.12475589 -5.87708845 0.00678978 -0.01434486 -0.41014390 0.91188272
1645870884.14366794 185.74861531 -70.92989329 -5.92763349 0.00419703 -0.01397760 -0.38293799 0.92365876
1645870885.22155690 186.50735604 -71.67876375 -5.90577836 0.00311964 -0.01265548 -0.38269635 0.92378223
1645870886.38562202 187.27642307 -72.41548832 -5.94801050 0.00973352 -0.01379263 -0.39672515 0.91778220
1645870887.64244008 188.07148655 -73.08526878 -5.96481225 0.01400167 -0.01451425 -0.38153635 0.92413381
1645870889.14203691 188.89795262 -73.65845252 -5.97970133 0.01398290 -0.01452202 -0.37448678 0.92701308
1645870890.55434990 189.73140174 -74.27463563 -5.93842075 0.01699666 -0.01384346 -0.38194694 0.92392424
1645870891.80928493 190.50438708 -74.93882200 -5.97119372 0.02121952 -0.01501325 -0.32328227 0.94594551
1645870893.05451393 191.31830898 -75.55198418 -6.02058457 0.02066348 -0.01503106 -0.28477436 0.95825396
1645870894.38801289 192.14200798 -76.13621395 -6.05006513 0.02279594 -0.01492620 -0.26749051 0.96317516
1645870895.55392194 193.05132786 -76.56897133 -6.07849416 0.02555854 -0.01548612 -0.22875806 0.97302451
1645870896.72360301 194.00672082 -77.01461449 -6.15014839 0.02643695 -0.01616385 -0.15264383 0.98779536
1645870897.98640203 194.99403828 -77.32163866 -6.18697497 0.02899053 -0.01754282 -0.12282110 0.99185018
1645870899.65296197 196.01561765 -77.53388319 -6.19312003 0.03124335 -0.01788519 -0.01965184 0.99915853
1645870901.49402189 197.05958697 -77.54897916 -6.22650972 0.03272853 -0.01911139 0.07992663 0.99607998
1645870903.32589197 198.09174982 -77.35256624 -6.26022613 0.03593188 -0.02122805 0.20566854 0.97773142
1645870904.98538494 199.02595403 -76.94475634 -6.23592070 0.03738892 -0.02117340 0.32052360 0.94626549
1645870906.65770602 199.85443851 -76.30955482 -6.18029438 0.03872391 -0.02015268 0.34002889 0.93940124
1645870908.49230003 200.63529795 -75.67143217 -6.13970826 0.03952003 -0.01889858 0.29423375 0.95472903
1645870911.32093191 201.37853304 -74.98575211 -6.19673032 0.03273385 -0.03193116 0.28637392 0.95702606
1645870913.49231601 202.22408718 -74.43332615 -6.16782345 0.03371872 -0.03159494 0.27851916 0.95931845
1645870914.98693800 203.03608970 -73.85428086 -6.07590150 0.03474521 -0.03011542 0.26449003 0.96329168
1645870916.48782492 203.87385988 -73.31536446 -5.97776602 0.03281696 -0.03088205 0.26406248 0.96345231
1645870917.82012701 204.77297137 -72.76198907 -5.93971417 0.03599127 -0.02972837 0.29883993 0.95316082
1645870919.06222701 205.62171825 -72.16983909 -5.94916117 0.03403179 -0.03142474 0.34066956 0.93904131
1645870920.32027602 206.44540493 -71.48357352 -5.85138097 0.03655034 -0.03095478 0.34073226 0.93893951
1645870921.49092698 207.18271422 -70.74885780 -5.82533308 0.03644624 -0.03162986 0.35540240 0.93346685
1645870922.65834999 207.93850427 -70.05136557 -5.78322895 0.03703767 -0.03154003 0.36645963 0.92916133
1645870923.82984996 208.71753644 -69.30866413 -5.74661021 0.03805635 -0.03153248 0.35798381 0.93241890
1645870924.89698410 209.44421081 -68.54174738 -5.67591791 0.03865678 -0.03120602 0.36999735 0.92770351
1645870925.99442911 210.17548314 -67.78980527 -5.63945907 0.03957811 -0.03145079 0.37816849 0.92435546
1645870926.99351192 210.85957681 -67.05094885 -5.52807851 0.03898952 -0.03073489 0.38016621 0.92358477
1645870927.99899292 211.52753273 -66.29359647 -5.50466420 0.03925583 -0.03113064 0.37597611 0.92527392
1645870928.99539399 212.22969573 -65.56169705 -5.46665988 0.04214150 -0.03178254 0.37177980 0.92681915
1645870929.99277592 212.92310472 -64.83888490 -5.37085455 0.03821644 -0.03049918 0.36996385 0.92775862
1645870930.99598408 213.62704643 -64.07783284 -5.36889467 0.03794637 -0.03095045 0.36713212 0.92887898
1645870931.99719191 214.37406907 -63.36177002 -5.31520731 0.03735294 -0.03148976 0.36719690 0.92885929
1645870933.06675506 215.14503473 -62.64555457 -5.21620537 0.03580818 -0.03141442 0.37754858 0.92476374
1645870934.16591406 215.87449733 -61.86092876 -5.17528079 0.03672582 -0.03147853 0.37063175 0.92751950
1645870935.16898990 216.58723244 -61.13248363 -5.07554276 0.03590673 -0.03103727 0.35579173 0.93335933
1645870936.33255792 217.36142928 -60.40683505 -5.01804719 0.03725228 -0.03021944 0.35629033 0.93314321
1645870937.49792504 218.19719154 -59.71386741 -4.98953071 0.03731775 -0.03057556 0.36585438 0.92942084
1645870938.49750590 218.94345658 -58.99947127 -4.93153030 0.03761337 -0.02939336 0.35519163 0.93357387
1645870939.49762297 219.69545058 -58.26649006 -4.95264169 0.03772265 -0.03061669 0.36348530 0.93033223
1645870940.72990203 220.40166176 -57.53699673 -4.88586929 0.03789983 -0.02954757 0.35794489 0.93250523
1645870942.49830890 221.12243873 -56.81787113 -4.83824100 0.03837426 -0.02895326 0.37258248 0.92675316
1645870943.99695396 221.79968175 -56.07923020 -4.73976938 0.03897223 -0.02839537 0.36902586 0.92816743
1645870945.32753110 222.54402967 -55.32586883 -4.64694441 0.03967882 -0.02687409 0.38616287 0.92118490
1645870946.65977812 223.24179813 -54.54576085 -4.58580783 0.04064114 -0.02763606 0.37386491 0.92618010
1645870948.06299305 223.83577845 -53.73358358 -4.55510246 0.04134170 -0.02698926 0.40668953 0.91223137
1645870949.39886904 224.57593704 -52.98573417 -4.47920803 0.04063883 -0.02695508 0.41658640 0.90778724
1645870950.56367397 225.20534277 -52.14096773 -4.45768610 0.03982925 -0.02743265 0.40468406 0.91317681
1645870951.83677912 225.91146440 -51.33890378 -4.47206551 0.04093535 -0.02765610 0.44755196 0.89289231
1645870953.17621493 226.57658892 -50.48527652 -4.44546831 0.04031292 -0.02809048 0.44781435 0.89277551
1645870954.33788705 227.15925660 -49.61583713 -4.38624147 0.03952171 -0.02827363 0.48216716 0.87473051
1645870955.33824706 227.64740867 -48.70902261 -4.37861925 0.03999012 -0.02861758 0.47559920 0.87828653
1645870956.33860397 228.16058287 -47.80624428 -4.29688903 0.04073221 -0.02821683 0.47249300 0.87994037
1645870957.33965111 228.72317149 -46.90521427 -4.22477026 0.04035747 -0.02773745 0.46868874 0.88200498
1645870958.33843398 229.30410120 -46.00169850 -4.20259625 0.03952784 -0.02843603 0.48814269 0.87140441
1645870959.23227811 229.81628654 -45.10776790 -4.13528904 0.03982144 -0.02802137 0.50655535 0.86083142
1645870960.06197000 230.23735450 -44.19474077 -4.10605983 0.03856774 -0.02871081 0.51688594 0.85470296
1645870961.00122595 230.71231501 -43.19728796 -4.03992840 0.03848117 -0.02819606 0.51566903 0.85545873
1645870961.89519811 231.16214027 -42.24454761 -3.94928799 0.03956178 -0.02732250 0.52768287 0.84807967
1645870962.72819710 231.56625174 -41.30582726 -3.86840225 0.03874242 -0.02726861 0.53619887 0.84276107
1645870963.66866589 231.96488990 -40.28247681 -3.83123617 0.03874275 -0.02805694 0.54918334 0.83433175
1645870964.56848192 232.37523384 -39.28198221 -3.79432597 0.03916904 -0.02684238 0.56517568 0.82360290
1645870965.40065408 232.71751346 -38.31891165 -3.73969563 0.03895351 -0.02693521 0.57770195 0.81487274
1645870966.23352504 233.02132367 -37.32536835 -3.67560460 0.03806290 -0.02820437 0.57538979 0.81650617
1645870967.06807208 233.36217944 -36.36106420 -3.61664872 0.03900181 -0.02686171 0.57112969 0.81949264
1645870968.01268196 233.66854525 -35.37246867 -3.56392284 0.03884467 -0.02782526 0.57228831 0.81865923
1645870969.01055002 233.96696009 -34.37271918 -3.41399842 0.03952180 -0.02666205 0.59021239 0.80583900
1645870970.01349497 234.25169427 -33.38133841 -3.38370479 0.04155150 -0.02658544 0.61064739 0.79036476
1645870971.01323700 234.51252724 -32.32382155 -3.25251003 0.04148294 -0.02496026 0.62758111 0.77704447
1645870971.90742302 234.68997580 -31.26430857 -3.21517472 0.04032488 -0.02647295 0.62484162 0.77925993
1645870972.73981690 234.86811682 -30.26549245 -3.09741273 0.04030284 -0.02522903 0.62876702 0.77613866
1645870973.67988992 235.03626345 -29.21626413 -2.98559405 0.03872745 -0.02612844 0.63084344 0.77450245
1645870974.66998911 235.22153826 -28.15524374 -2.94088680 0.03896863 -0.02592936 0.65156758 0.75714516
1645870975.57206202 235.31728804 -27.09911444 -2.83913327 0.03901858 -0.02611434 0.66830989 0.74239981
1645870976.40609407 235.33122479 -26.07766940 -2.74499265 0.03836364 -0.02626200 0.67225889 0.73885487
1645870977.23854899 235.42810661 -25.06185354 -2.73764427 0.03872823 -0.02520826 0.68177985 0.73009651
1645870978.17255592 235.48297435 -23.99596249 -2.66709856 0.03797937 -0.02536294 0.68923359 0.72309843
1645870979.07662296 235.49240679 -22.94851412 -2.61067523 0.03753221 -0.02675995 0.69057520 0.72179023
1645870980.24416208 235.57734436 -21.91789873 -2.54471023 0.03746478 -0.02592435 0.69818707 0.71446423
1645870983.84557605 235.57356587 -20.87196649 -2.44378954 0.03611470 -0.02727646 0.70184489 0.71089062
1645870985.01288891 235.58291064 -19.81934279 -2.43218863 0.03650874 -0.02683489 0.69012328 0.72227202
1645870986.07063794 235.61524250 -18.79552085 -2.34264560 0.03601536 -0.02683097 0.70979635 0.70297378
1645870987.07035804 235.57040361 -17.79079166 -2.33696490 0.03502996 -0.02761178 0.70713043 0.70567489
1645870988.07046604 235.51515880 -16.72997344 -2.28504501 0.03524486 -0.02756167 0.69860772 0.71410462
1645870989.07119703 235.48810018 -15.70640423 -2.22795717 0.03451897 -0.02841508 0.70598371 0.70681541
1645870990.17533803 235.43049186 -14.63353484 -2.22730514 0.03522535 -0.02852616 0.70846780 0.70428603
1645870991.17328596 235.36448007 -13.55061962 -2.21188405 0.03505374 -0.02853440 0.70473522 0.70802916
1645870992.17352700 235.31188132 -12.54579772 -2.09600220 0.03267170 -0.02863980 0.70036253 0.71246379
1645870993.17084002 235.30879826 -11.53795127 -2.08147527 0.03245423 -0.02963022 0.69973885 0.71304581
1645870994.17139196 235.27738235 -10.48833628 -2.00146298 0.03281012 -0.02908555 0.69699181 0.71573735
1645870995.17378092 235.23047007 -9.44206321 -1.96618274 0.03255702 -0.02854282 0.70683519 0.70605195
1645870996.17217493 235.19722265 -8.40035324 -1.93653808 0.03355184 -0.02885325 0.69653281 0.71615907
1645870997.17607188 235.17367396 -7.36885668 -1.90747555 0.03273530 -0.03061784 0.66568972 0.74488130
1645870998.17168498 235.16918242 -6.33421985 -1.81842118 0.03041320 -0.03025067 0.71311961 0.69972877
1645870999.17054391 235.10405225 -5.27039405 -1.76269109 0.03160905 -0.02945878 0.73140600 0.68057205
1645871000.18491912 234.97887921 -4.16264992 -1.71651301 0.03058087 -0.02985386 0.71659144 0.69618263
1645871001.15372205 234.81399985 -3.16297630 -1.81322556 0.03133614 -0.04154309 0.71713836 0.69498546
1645871002.22858405 234.72061632 -2.10248535 -1.71840384 0.03147451 -0.04143186 0.71695056 0.69517958
1645871003.39787889 234.65028329 -1.10347253 -1.62665624 0.03207653 -0.04000144 0.70842680 0.70391935
1645871004.39906597 234.61485509 -0.10024969 -1.57465377 0.03124342 -0.04037487 0.71148484 0.70084452
1645871005.33461189 234.56226226 0.91741623 -1.48520899 0.03068909 -0.04035549 0.71335090 0.69897075
1645871006.23280191 234.50045253 1.91581149 -1.43876456 0.03033500 -0.04023887 0.72369686 0.68827573
1645871007.16820788 234.41091542 3.00508570 -1.36965564 0.03083424 -0.03996248 0.72416896 0.68777290
1645871008.06721997 234.30168551 4.07837834 -1.30884116 0.03155828 -0.03968070 0.71828703 0.69389716
1645871009.00050998 234.25819458 5.11217011 -1.25769871 0.03136528 -0.04058146 0.70584499 0.70650705
1645871009.90029311 234.20243448 6.12975724 -1.19611332 0.03191493 -0.03976337 0.71091907 0.70142311
1645871010.83911109 234.14770831 7.18289177 -1.09272076 0.03192147 -0.04025244 0.70318784 0.70914570
1645871011.83582401 234.12694596 8.24599779 -1.04387985 0.03166636 -0.03996321 0.70973041 0.70262573
1645871012.83336210 234.08194865 9.33309738 -0.98179948 0.03308400 -0.04004904 0.70876387 0.70353059
1645871013.73037100 234.03263925 10.38008260 -0.90643247 0.03174911 -0.04050285 0.71881297 0.69329606
1645871014.56399703 233.96685911 11.42130292 -0.77538400 0.03165071 -0.03960237 0.71854904 0.69362610
1645871015.39726806 233.88633834 12.44960798 -0.69557220 0.03247410 -0.03957271 0.70064035 0.71167586
1645871016.32901311 233.86686302 13.54544966 -0.64596154 0.03182719 -0.03980050 0.71047928 0.70187046
1645871017.23171306 233.79593970 14.58306674 -0.59746080 0.03225484 -0.03937166 0.71267117 0.69964942
1645871018.16583991 233.74948837 15.65270124 -0.54593533 0.03311174 -0.03899283 0.70206341 0.71027470
1645871019.06271100 233.70656917 16.68134813 -0.46426026 0.03242218 -0.03937234 0.69312225 0.71901333
1645871019.89445496 233.70198784 17.72025369 -0.36974310 0.03168515 -0.03879765 0.70653600 0.70590203
1645871020.66596293 233.66627112 18.71947001 -0.31961253 0.03184061 -0.03864520 0.71278881 0.69958905
1645871021.49931788 233.64377635 19.85231016 -0.27065989 0.03141066 -0.03869481 0.71592817 0.69639281
1645871022.33335900 233.52824946 20.97020414 -0.17511787 0.03085951 -0.03894107 0.71018568 0.70225892
1645871023.16462302 233.50467118 22.07350044 -0.11137403 0.03109800 -0.03810012 0.72794165 0.68387297
1645871023.99569297 233.43226865 23.16924159 -0.08213245 0.03308366 -0.03715008 0.71843102 0.69381714
1645871024.82908893 233.36050359 24.21791614 -0.02532415 0.03261462 -0.03830710 0.70601939 0.70640320
1645871025.66349196 233.30687945 25.28333585 0.06386426 0.03218982 -0.03742368 0.70698442 0.70550430
1645871026.49538898 233.25123628 26.30560905 0.18568197 0.03089929 -0.03852149 0.71412035 0.69827893
1645871027.32638788 233.17827106 27.33475328 0.22220745 0.03069393 -0.03764533 0.73033830 0.68135650
1645871028.15834498 233.06553155 28.35275392 0.28462238 0.03022870 -0.03835537 0.72182044 0.69035523
1645871028.98220801 232.98605718 29.37950271 0.36378761 0.03047228 -0.03887265 0.70348108 0.70899558
1645871029.98749304 233.00551983 30.45869175 0.46037881 0.03205360 -0.03775250 0.69893878 0.71346471
1645871030.98425508 232.99195024 31.55583564 0.49254063 0.03160844 -0.03843490 0.70388963 0.70856408
1645871031.89057398 232.98649684 32.56998944 0.61017905 0.03169954 -0.03756244 0.70792377 0.70457656
1645871032.82196498 232.93794183 33.66393087 0.70168073 0.03159454 -0.03686667 0.72209785 0.69008502
1645871033.66316795 232.85937622 34.66896644 0.73355529 0.03127175 -0.03747646 0.71926805 0.69301591
1645871034.55962205 232.76937054 35.68153757 0.85140775 0.03351013 -0.03560916 0.70988439 0.70261882
1645871035.49820399 232.76672925 36.75548529 0.91913483 0.03354201 -0.03508595 0.70587759 0.70666876
1645871036.49817109 232.73681299 37.83002791 1.01852342 0.03359234 -0.03506999 0.70994172 0.70258409
1645871037.49926805 232.70550211 38.90409779 1.12242682 0.03338531 -0.03440462 0.72803408 0.68386265
1645871038.39754891 232.63191654 39.93408877 1.19813019 0.03322859 -0.03467058 0.71833700 0.69403585
1645871039.22378397 232.58660301 40.96010044 1.25083707 0.03355417 -0.03331543 0.71333343 0.69922787
1645871040.05617094 232.52444168 42.00581531 1.30477994 0.03336083 -0.03418171 0.71465713 0.69784228
1645871040.89023590 232.47783801 43.02686076 1.36701434 0.03332546 -0.03480090 0.71674141 0.69567238
1645871041.82006598 232.47193015 44.12366396 1.49022690 0.03292177 -0.03366567 0.72403699 0.68815203
1645871042.64849496 232.35317389 45.14784939 1.56537168 0.03209756 -0.03387589 0.72864030 0.68330483
1645871043.48756099 232.26279916 46.20008817 1.60504778 0.03144492 -0.03508265 0.72308905 0.68914632
1645871044.32240105 232.15085286 47.29976870 1.70307119 0.03130529 -0.03555316 0.71368550 0.69886262
1645871045.15354109 232.11595541 48.41413130 1.78842368 0.03153333 -0.03453500 0.71974306 0.69266363
1645871045.88642502 232.05051626 49.43724539 1.84372646 0.03159908 -0.03463804 0.72100683 0.69133990
1645871046.65379810 231.97117917 50.53044500 1.89568194 0.03161973 -0.03480272 0.69993195 0.71265997
1645871047.38595390 231.95966641 51.57540814 1.95256610 0.03062486 -0.03505310 0.70847753 0.70419670
1645871048.15881395 231.91994710 52.64431017 2.01343428 0.02926131 -0.03686663 0.70256023 0.71006602
1645871048.99463701 231.84514521 53.72603082 2.07155531 0.02847223 -0.03736828 0.70814828 0.70449909
1645871049.72744298 231.77915702 54.73652870 2.14424506 0.02854741 -0.03666772 0.70497278 0.70771033
1645871050.50054312 231.72257543 55.81782618 2.19630956 0.02772931 -0.03701044 0.70735592 0.70534311
1645871051.33422899 231.68001973 56.95605790 2.26884713 0.02756364 -0.03762030 0.70578611 0.70688820
1645871052.06158304 231.63631282 57.97111937 2.32481172 0.02843276 -0.03705521 0.69916647 0.71343166
1645871052.83308196 231.57684531 59.05112775 2.40788076 0.02833558 -0.03666441 0.69861798 0.71399282
1645871053.55688810 231.53586673 60.09640424 2.47224387 0.02748417 -0.03763500 0.70249583 0.71016043
1645871054.32670593 231.48691585 61.22582991 2.52474262 0.02847487 -0.03621348 0.71255703 0.70010017
1645871055.05521297 231.44138246 62.26858968 2.61261312 0.03020151 -0.03728461 0.70446613 0.70811383
1645871055.82892704 231.37757149 63.36312629 2.70920085 0.03123059 -0.03377728 0.70300439 0.70969611
1645871056.55575991 231.33569069 64.39432576 2.78929291 0.03083208 -0.03341636 0.71442788 0.69823029
1645871057.32903290 231.30720373 65.42855001 2.83786365 0.03208180 -0.03275677 0.70000078 0.71266869
1645871058.05507994 231.28440003 66.44478043 2.91358802 0.03272406 -0.03211999 0.70962322 0.70308771
1645871058.83080912 231.24984728 67.49558300 2.97993503 0.03111607 -0.03328343 0.71670373 0.69588775
1645871059.55221796 231.19334855 68.49828306 3.03490720 0.03145239 -0.03158437 0.72276078 0.68965936
1645871060.32562804 231.12074654 69.55700410 3.05867420 0.03237334 -0.03266697 0.71657221 0.69599504
1645871061.05385208 231.05141845 70.59173548 3.11938604 0.03328129 -0.03124567 0.70964569 0.70307828
1645871061.82684708 231.03988395 71.67895051 3.16119382 0.03364817 -0.03108665 0.70648919 0.70623965
1645871062.55282092 231.03166709 72.69795509 3.22524866 0.03392154 -0.03042869 0.70513262 0.70760965
1645871063.32954502 231.00782827 73.76732559 3.32355655 0.03332916 -0.02919094 0.71221294 0.70056390
1645871064.05845594 230.95723116 74.78393298 3.36327248 0.03424348 -0.02846297 0.72252041 0.68991412
1645871064.83455205 230.89633325 75.85677141 3.43858630 0.03382490 -0.02897319 0.73611154 0.67539339
1645871065.55939388 230.80877005 76.85975455 3.49819514 0.03408958 -0.02827099 0.74033969 0.67077253
1645871066.32856703 230.69871002 77.88856183 3.53386955 0.03477920 -0.02829855 0.74515474 0.66538260
1645871067.16463900 230.52158526 79.00748443 3.56644416 0.03361344 -0.03008040 0.74545913 0.66502330
1645871067.89052892 230.37747154 79.99652794 3.66428372 0.03242425 -0.02989068 0.75073294 0.65913221
1645871068.66384602 230.21121988 80.98957361 3.75775428 0.03131791 -0.02969832 0.75371902 0.65577804
1645871069.49510908 230.05326225 82.09207910 3.77195141 0.03232925 -0.02962599 0.75801248 0.65076432
1645871070.21852112 229.88153473 83.09045149 3.86597351 0.03204094 -0.02810734 0.76555713 0.64195455
1645871070.98950505 229.63634499 84.14491854 3.86963759 0.03209303 -0.02915725 0.77212682 0.63398744
1645871071.71839499 229.41504763 85.13143329 3.92904902 0.03193984 -0.02890327 0.77280595 0.63317882
1645871072.49044609 229.14629674 86.13473979 3.99194905 0.03089623 -0.02971607 0.77536906 0.63005175
1645871073.32681704 228.87443771 87.22400630 4.04229944 0.03129314 -0.02785979 0.78942710 0.61241279
1645871074.15878201 228.55790245 88.28356645 4.06097045 0.03059835 -0.02940794 0.79760614 0.60168377
1645871074.99275899 228.19033926 89.30059740 4.05581144 0.03089859 -0.03132936 0.79374230 0.60666045
1645871075.82953310 227.84283365 90.35303112 4.10840211 0.03014361 -0.03066947 0.80303578 0.59437722
1645871076.55892801 227.49939758 91.29843911 4.12927754 0.02944649 -0.03127835 0.81673010 0.57541856
1645871077.32752991 227.09863031 92.24132635 4.19901309 0.02979328 -0.03006198 0.82034782 0.57029649
1645871078.17662001 226.69027689 93.28381704 4.22300793 0.02974790 -0.02975818 0.82902508 0.55762616
1645871078.99550295 226.25172269 94.30181739 4.28607359 0.02995108 -0.02920883 0.83051321 0.55542559
1645871079.82494998 225.78528784 95.26453666 4.33800752 0.02973062 -0.02918941 0.82479377 0.56389654
1645871080.65723395 225.37524520 96.26455759 4.38391533 0.02965506 -0.03041472 0.81653826 0.57572631
1645871081.49278593 224.98784310 97.21071306 4.43130557 0.02846493 -0.02939780 0.83579545 0.54751390
1645871082.39144301 224.50649520 98.15864904 4.44951564 0.02814807 -0.02982393 0.85122545 0.52319542
1645871083.32029295 223.96276738 99.09689535 4.54150102 0.02858145 -0.02850109 0.86095025 0.50708526
1645871084.15442109 223.44581550 99.96593306 4.52650718 0.02864447 -0.03005300 0.85656919 0.51435935
1645871085.06152201 222.90477327 100.88342780 4.61235439 0.02786705 -0.02926376 0.85563759 0.51599552
1645871085.98402810 222.40286765 101.76298693 4.64772549 0.02762036 -0.02891261 0.85665927 0.51433070
1645871086.89306688 221.82985044 102.65170829 4.64207602 0.02699155 -0.02737378 0.88458131 0.46479893
1645871087.81704807 221.19337307 103.50701401 4.70681170 0.02654887 -0.02869715 0.88278730 0.46814337
1645871088.65241003 220.61195442 104.33478284 4.71124745 0.02697268 -0.02915724 0.88162532 0.47027559
1645871089.48580790 220.01463339 105.16574028 4.72628901 0.02612301 -0.02953986 0.88779660 0.45854355
1645871090.31832194 219.37379636 106.04384542 4.78936621 0.02416052 -0.03260478 0.88806355 0.45792612
1645871091.15192294 218.72121912 106.90945025 4.81271616 0.02524469 -0.03108044 0.88995257 0.45429190
1645871091.98642707 218.07500768 107.74330234 4.87952660 0.02432900 -0.03033585 0.90215683 0.42965206
1645871092.81668997 217.39641891 108.50184154 4.92221168 0.02053419 -0.02999658 0.91188026 0.40884342
1645871093.65409088 216.68953633 109.25633071 4.89551330 0.02334536 -0.02758001 0.92589617 0.37604603
1645871094.55341101 215.93914597 109.91944879 4.89848966 0.02285352 -0.03031682 0.91861939 0.39331542
1645871095.64571500 215.17876280 110.66150943 4.84781529 0.02470703 -0.03017045 0.91286823 0.40638763
1645871096.72079110 214.45216980 111.43380501 4.92603089 0.02457946 -0.02635418 0.92013846 0.38993143
1645871097.72109294 213.70278302 112.19805113 4.97588378 0.02357959 -0.02852918 0.92659663 0.37423092
1645871098.72262597 212.93245601 112.92963629 4.98321943 0.02219279 -0.02986054 0.93002378 0.36561125
1645871099.65270805 212.14840662 113.64373568 5.00759858 0.02235695 -0.02919134 0.92797417 0.37082607
1645871100.55244493 211.37070896 114.36467942 5.06241659 0.02258821 -0.03018041 0.92078857 0.38823617
1645871101.47659993 210.58320180 115.11422240 5.11346303 0.02191544 -0.03088076 0.92023326 0.38953413
1645871102.39268899 209.83284047 115.85893445 5.13363459 0.01974480 -0.03216571 0.92801435 0.37062767
1645871103.22249508 209.07351296 116.54275636 5.18501612 0.02169339 -0.03343117 0.92705564 0.37279966
1645871104.14571404 208.27189448 117.25951137 5.21120880 0.02155745 -0.03176773 0.92509971 0.37777854
1645871105.05557704 207.52284030 117.95812769 5.25221315 0.02182824 -0.03201310 0.92271923 0.38352041
1645871105.98291206 206.80299695 118.71458964 5.29809191 0.02120617 -0.03185370 0.92862908 0.36903072
1645871106.89024591 206.00016516 119.43946581 5.33274620 0.02257902 -0.03173074 0.91957131 0.39098842
1645871107.81879902 205.22946709 120.15673704 5.34722538 0.02185213 -0.03219632 0.92486403 0.37830201
1645871108.72212601 204.41452132 120.87783564 5.36945209 0.02263796 -0.03148588 0.92230192 0.38451961
1645871109.55533004 203.69413879 121.59014717 5.38496780 0.02254976 -0.03044740 0.92472185 0.37875318
1645871110.39022994 202.95440141 122.27005067 5.43726009 0.02158888 -0.03286912 0.91826264 0.39401429
1645871111.22646904 202.21294550 123.00176636 5.46308088 0.02111851 -0.03365831 0.91983908 0.39027836
1645871112.05433202 201.46240868 123.72086539 5.45847134 0.02157150 -0.03372996 0.92014075 0.38953557
1645871112.88750291 200.67388733 124.45205823 5.50241842 0.02095664 -0.03320714 0.92373932 0.38100365
1645871113.72005701 199.85464170 125.13402494 5.54483864 0.02046073 -0.03269563 0.92367053 0.38124153
1645871114.55492091 199.07216796 125.84573415 5.55867956 0.02148042 -0.03128216 0.92333153 0.38212421
1645871115.38593507 198.33854526 126.56080482 5.55747046 0.02101654 -0.03180271 0.92747749 0.37193064
1645871116.21975207 197.56005080 127.20952781 5.56724986 0.02212888 -0.03191847 0.92567985 0.37630883
1645871117.05429196 196.76052060 127.85631103 5.57168844 0.02389265 -0.03127781 0.92285309 0.38313577
1645871117.88569999 196.00825317 128.58666734 5.61132238 0.02231111 -0.03163692 0.92821582 0.37002258
1645871118.72156906 195.25403402 129.28782661 5.63073946 0.02276084 -0.02917543 0.92997562 0.36575413
1645871119.55290198 194.46924664 129.99606120 5.64741221 0.02281642 -0.02895669 0.92703718 0.37315278
1645871120.38341403 193.68255595 130.67372784 5.68599152 0.02272478 -0.02894143 0.92828779 0.37003750
1645871121.22045994 192.92304844 131.39267571 5.68858049 0.02299193 -0.02969497 0.92613505 0.37531780
1645871122.15338492 192.14712644 132.14791883 5.71938991 0.02208519 -0.02994804 0.92578510 0.37621445
1645871122.98675895 191.39862826 132.81400277 5.75792350 0.02207677 -0.02979921 0.92648445 0.37450124
1645871123.81886911 190.63345529 133.51312998 5.81996845 0.02173139 -0.03169952 0.91900700 0.39236337
1645871124.72295189 189.87563492 134.29109562 5.83924699 0.02168307 -0.03045681 0.91697265 0.39719439
1645871125.55621004 189.12927290 134.99465205 5.89622720 0.01991488 -0.03362276 0.91874221 0.39291941
1645871126.38861609 188.38416650 135.68757300 5.92190953 0.01969119 -0.03415117 0.92433460 0.37954117
1645871127.32763100 187.55921556 136.43689608 5.94810266 0.01938840 -0.03392933 0.92536491 0.37705793
1645871128.14844990 186.72386486 137.14145045 5.99219624 0.01981767 -0.03337425 0.92260696 0.38378355
1645871128.98232603 185.92008383 137.84119627 6.01691864 0.01978644 -0.03374079 0.91931345 0.39157737
1645871129.81659508 185.15776258 138.56800790 6.04505568 0.01989774 -0.03371382 0.92184986 0.38556489
1645871130.64808893 184.36978784 139.24774000 6.08179994 0.01847377 -0.03587158 0.92311985 0.38238944
1645871131.48181295 183.64787402 139.98326522 6.09428772 0.01860302 -0.03436704 0.92815020 0.37014867
1645871132.31778908 182.87761327 140.65377324 6.12301378 0.01806598 -0.03440710 0.93138930 0.36194440
1645871133.15049911 182.09088109 141.32411122 6.14445076 0.01960787 -0.03411346 0.92209590 0.38495579
1645871133.98562193 181.26513222 142.07262409 6.19433505 0.01826307 -0.03545799 0.92597182 0.37548020
1645871134.81525803 180.45499839 142.79284887 6.21763281 0.01847522 -0.03678837 0.92052139 0.38851725
1645871135.64981389 179.61146357 143.49336959 6.27573830 0.01737794 -0.03759935 0.91891224 0.39228127
1645871136.48418689 178.79635918 144.22354489 6.28953465 0.01714256 -0.03667154 0.92308790 0.38245268
1645871137.31667590 178.04802132 144.93275503 6.28899091 0.01621269 -0.03722328 0.93154551 0.36135099
1645871138.14724803 177.24424817 145.62271796 6.30120352 0.01627308 -0.03612775 0.93240508 0.35923632
1645871138.97645402 176.44740405 146.33041467 6.29526359 0.01726315 -0.03768493 0.92464610 0.37856494
1645871139.81788492 175.65437247 147.04096121 6.35632818 0.01716557 -0.03668035 0.92431828 0.37946753
1645871140.65112090 174.88265904 147.72859134 6.37061451 0.01718268 -0.03531717 0.92729135 0.37227437
1645871141.48390293 174.09576751 148.38979267 6.39224894 0.01676374 -0.03433145 0.92933723 0.36725011
1645871142.31506705 173.27027186 149.06584689 6.42052110 0.01574386 -0.03568812 0.93326066 0.35707568
1645871143.15078807 172.43405627 149.78157051 6.45679992 0.01571569 -0.03654934 0.92884426 0.36832799
1645871143.88407993 171.65347371 150.43013415 6.48796652 0.01688123 -0.03536231 0.92483146 0.37835341
1645871144.65122509 170.90110342 151.12365425 6.50004234 0.01646790 -0.03622444 0.92321343 0.38222188
1645871145.49747801 170.08528933 151.87243118 6.51369728 0.01648607 -0.03444149 0.92968263 0.36637713
1645871146.31507897 169.26085155 152.55000991 6.48038773 0.01664160 -0.03381597 0.93212510 0.36016986
1645871147.15157390 168.43247858 153.26805625 6.54037154 0.01624361 -0.03463452 0.93301201 0.35780606
1645871147.99344301 167.64263931 153.93760071 6.57171935 0.01616419 -0.03444442 0.93453518 0.35383088
1645871148.82631993 166.87271219 154.60874966 6.58901564 0.01636361 -0.03581024 0.92671080 0.37370704
1645871149.66316104 166.08125771 155.30028336 6.61109146 0.01688372 -0.03469738 0.92584178 0.37593622
1645871150.50421309 165.27799398 156.03132327 6.60953889 0.01642512 -0.03486191 0.92916534 0.36765015
1645871151.33362198 164.49229470 156.77645823 6.65790320 0.01551432 -0.03623369 0.92701965 0.37293565
1645871152.16587710 163.68011441 157.50688810 6.71679229 0.01559230 -0.03696047 0.92474579 0.37846536
1645871152.99821091 162.90681459 158.21232741 6.65285501 0.01671029 -0.03490129 0.92531520 0.37721937
1645871153.83700299 162.12035889 158.95054922 6.72437340 0.01589225 -0.03644591 0.92680688 0.37342756
1645871154.67179298 161.31599471 159.67272866 6.73394025 0.01524170 -0.03750072 0.92426234 0.37960574
1645871155.49998212 160.56442534 160.38875858 6.74614073 0.01616630 -0.03671184 0.92209176 0.38488658
1645871156.33503604 159.75182701 161.13328001 6.76638602 0.01636037 -0.03488284 0.92599622 0.37556162
1645871157.16604590 158.95231536 161.83337697 6.76353090 0.01531671 -0.03532494 0.92760548 0.37157182
1645871157.99629807 158.18427991 162.55414653 6.80954423 0.01566455 -0.03453013 0.93193017 0.36065005
1645871158.83067012 157.36486317 163.28061601 6.79170254 0.01747800 -0.03557480 0.91918698 0.39182171
1645871159.66333008 156.60669846 163.96081224 6.86158621 0.01521498 -0.03527256 0.92419028 0.37999562
1645871160.51788092 155.82631843 164.67137609 6.86528758 0.01442397 -0.03628684 0.92737365 0.37209317
1645871161.33528399 155.05704855 165.38884750 6.89008192 0.01368089 -0.03669968 0.92456636 0.37900265
1645871162.16731501 154.28606173 166.06806564 6.93217361 0.01470378 -0.03685575 0.91730803 0.39619620
1645871163.00312209 153.53944850 166.77887927 6.89988668 0.01533738 -0.03775479 0.91419590 0.40321856
1645871163.83602595 152.76782043 167.50213778 6.92311500 0.01643438 -0.03801013 0.90544412 0.42244063
1645871164.66851592 152.08222367 168.26005914 6.94253819 0.01567079 -0.03868922 0.90523783 0.42284991
1645871165.49695396 151.37787594 168.99410144 6.95641309 0.01548818 -0.03562609 0.91686911 0.39729326
1645871166.33296204 150.62790768 169.71056543 6.98564663 0.01541938 -0.03438189 0.92327619 0.38228419
1645871167.16280699 149.85996473 170.39916702 6.96531596 0.01636737 -0.03574209 0.91771557 0.39528819
1645871168.01790905 149.07594035 171.11235847 7.01018238 0.01469838 -0.03572831 0.92165456 0.38608331
1645871168.82617497 148.32380213 171.82277250 7.03327759 0.01485471 -0.03562220 0.92414873 0.38007831
1645871169.65694690 147.52645843 172.51232509 7.05854179 0.01402808 -0.03615896 0.92634799 0.37466672
1645871170.48877001 146.74699268 173.21574495 7.04932285 0.01272147 -0.03682224 0.93335121 0.35684424
1645871171.38171697 145.94586146 173.88678225 7.11340087 0.01249342 -0.03560295 0.93384382 0.35568536
1645871172.32218504 145.16093575 174.53189425 7.07448197 0.01527296 -0.03498310 0.92790794 0.37085006
1645871173.32356095 144.34136363 175.25417915 7.07674854 0.01484125 -0.03779855 0.92102957 0.38737002
1645871174.31931710 143.57706241 175.94347469 7.11449194 0.01483584 -0.03600934 0.92410159 0.38015717
1645871175.48703599 142.77392381 176.67826597 7.10890055 0.01515848 -0.03492165 0.93078820 0.36357120
1645871176.48704696 142.01743314 177.35429214 7.16532132 0.01418572 -0.03576587 0.93246239 0.35921227
1645871177.48953509 141.19583171 178.05962555 7.13580476 0.01435739 -0.03465478 0.93369649 0.35609517
1645871178.38653708 140.37652593 178.70283770 7.11115552 0.01446553 -0.03511989 0.93203852 0.36036306
1645871179.32712793 139.55662974 179.42087572 7.13720637 0.01628858 -0.03328491 0.92612507 0.37539199
1645871180.21730590 138.79785454 180.11641993 7.15909300 0.01591169 -0.03198996 0.93137038 0.36231571
1645871181.16577601 138.02850737 180.80183842 7.16034304 0.01553916 -0.03234579 0.93230183 0.35989662
1645871182.05174398 137.24382410 181.46937615 7.18641524 0.01551084 -0.03247683 0.93277608 0.35865507
1645871182.99875498 136.43598701 182.20171297 7.20793592 0.01644387 -0.03254975 0.92775532 0.37140298
1645871183.99790311 135.59925271 182.94929921 7.23311434 0.01572232 -0.03232389 0.93209284 0.36043155
1645871184.88374496 134.81454317 183.65284126 7.20878438 0.01620937 -0.03141822 0.93359432 0.35658350
1645871185.83096790 134.01219433 184.35242149 7.25953747 0.01641243 -0.03113720 0.93389025 0.35582313
1645871186.82671905 133.18589116 185.02479238 7.27331200 0.01565280 -0.03030253 0.93902474 0.34215389
1645871187.66081595 132.38872131 185.64181416 7.30391587 0.01672537 -0.03053826 0.93152041 0.36201851
1645871188.49016595 131.62750558 186.33487315 7.32633269 0.01654716 -0.03274303 0.92775871 0.37137294
1645871189.38441300 130.85504908 187.05069373 7.34724928 0.01704952 -0.03043157 0.93030621 0.36512132
1645871190.33013892 130.06085561 187.77946459 7.42080413 0.01567590 -0.03287543 0.92790418 0.37103545
1645871191.32835007 129.26296937 188.51845496 7.37453406 0.01748574 -0.02909853 0.93476774 0.35363370
1645871192.21586704 128.48995963 189.20895661 7.39798662 0.01618253 -0.02988362 0.94166025 0.33484486
1645871193.04974699 127.71206810 189.84862645 7.42997258 0.01580705 -0.03020617 0.93349452 0.35696737
1645871193.98945498 126.92990418 190.53883111 7.48503408 0.01609968 -0.03189867 0.92950097 0.36708477
1645871194.98950100 126.11099852 191.25193489 7.48752589 0.01588005 -0.03295280 0.93038190 0.36476219
1645871195.99361610 125.28225862 191.98155530 7.48809526 0.01552634 -0.03365633 0.93314072 0.35759555
1645871196.88781691 124.49858297 192.60563253 7.51962977 0.01396210 -0.03257962 0.93941863 0.34093441
1645871197.82912993 123.69467816 193.24388555 7.53713031 0.01245729 -0.03237697 0.94856685 0.31467043
1645871198.82988095 122.79006157 193.89516695 7.49268886 0.01375196 -0.03128380 0.94458842 0.32647346
1645871199.83228898 121.90714194 194.52695341 7.50833481 0.01374145 -0.02939020 0.94722700 0.31891755
1645871200.83529592 120.99320241 195.16261541 7.57018584 0.01260401 -0.02871871 0.95621304 0.29098624
1645871201.71936011 120.12898117 195.68552748 7.54925240 0.01238995 -0.02617009 0.96114769 0.27451180
1645871202.66990304 119.21123865 196.22758235 7.55369830 0.01188106 -0.02697480 0.96393600 0.26449687
1645871203.55078793 118.33503119 196.75749559 7.54758426 0.01083793 -0.02474435 0.96957018 0.24331858
1645871204.50263095 117.41306548 197.19926338 7.59056092 0.01045862 -0.02500431 0.97131531 0.23624558
1645871205.49986291 116.43259860 197.68400628 7.58074779 0.01122744 -0.02569573 0.96539895 0.25926540
1645871206.49973512 115.50824580 198.19356869 7.57812376 0.01012392 -0.02460209 0.97014938 0.24104445
1645871207.38305593 114.59827017 198.64883488 7.54127761 0.01114813 -0.02515939 0.96628690 0.25599288
1645871208.33147407 113.68436805 199.12625147 7.55899383 0.01023761 -0.02468128 0.96962478 0.24313330
1645871209.21549892 112.73136680 199.60012954 7.53590336 0.00998308 -0.02403210 0.97304017 0.22916286
1645871210.16573691 111.72470589 200.04101806 7.51056046 0.01087134 -0.02385985 0.97051310 0.23961812
1645871211.04763794 110.79544863 200.52551962 7.51513081 0.01123654 -0.02567811 0.96580070 0.25776614
1645871211.88116002 109.89141131 201.04714268 7.54540675 0.01005753 -0.02368082 0.97224251 0.23255657
1645871212.71313500 108.96707166 201.46283754 7.52229324 0.00874283 -0.02294859 0.97736444 0.21013251
1645871213.66290307 107.93304223 201.87486940 7.53973418 0.00639707 -0.02308127 0.98244937 0.18498531
1645871214.49263597 106.98773442 202.24250060 7.49197390 0.00710694 -0.02217686 0.98356425 0.17905039
1645871215.32722306 106.01121198 202.59079658 7.43326396 0.00804328 -0.02201421 0.98096574 0.19276126
1645871216.15770006 105.08949857 202.98044672 7.41550760 0.00833441 -0.02321433 0.97950183 0.19991948
1645871217.04441094 104.13392763 203.37531916 7.38335900 0.00852038 -0.02140198 0.97997901 0.19776373
1645871217.98823094 103.16783466 203.80094719 7.36185453 0.00753686 -0.02145634 0.98325777 0.18079539
1645871218.87698507 102.17809213 204.20664089 7.29964534 0.00849893 -0.02120239 0.98363913 0.17869609
1645871219.71036506 101.20016441 204.58514864 7.24975527 0.00940231 -0.02108672 0.98081196 0.19358423
1645871220.54371595 100.22873025 204.98622635 7.24933855 0.00973941 -0.02172297 0.97890208 0.20293837
1645871221.37826610 99.27073123 205.42483500 7.23721273 0.00957018 -0.02129792 0.98014534 0.19690081
1645871222.21052694 98.29830633 205.82253972 7.27637107 0.00878777 -0.02132756 0.98057340 0.19479146
1645871223.15111494 97.30447494 206.32066339 7.32794182 0.00677377 -0.02165083 0.98447266 0.17406592
1645871223.98519897 96.30331721 206.66503220 7.29443051 0.00738811 -0.02328652 0.97857822 0.20442070
1645871224.81819296 95.36561229 207.10387763 7.29043631 0.00798297 -0.02143959 0.97807703 0.20698297
1645871225.65134811 94.42745595 207.52732730 7.29773498 0.00758572 -0.02234349 0.97570637 0.21780797
1645871226.54638100 93.48071278 207.96274668 7.29092942 0.00763173 -0.01994881 0.97814585 0.20681998
1645871227.37764812 92.57137461 208.38579134 7.23675933 0.00831148 -0.01916170 0.97952794 0.20022177
1645871228.31553006 91.58818845 208.81189835 7.21354947 0.00787980 -0.02083904 0.97826840 0.20614213
1645871229.21108794 90.62090067 209.23960376 7.19908061 0.00739655 -0.02243402 0.97874436 0.20371912
1645871230.16053605 89.62865832 209.66461703 7.15412541 0.00798918 -0.02093138 0.97810910 0.20688317
1645871231.04275107 88.70149885 210.09279673 7.15066018 0.00585581 -0.02465193 0.98014538 0.19665461
1645871231.87587690 87.75926938 210.49193322 7.11851789 0.00675411 -0.02450625 0.97686773 0.21232819
1645871232.80996990 86.75226658 210.95694902 7.13458207 0.00641456 -0.02541123 0.97553334 0.21828382
1645871233.64334512 85.82041414 211.39239603 7.08468981 0.00723070 -0.02662696 0.97119821 0.23667014
1645871234.53771710 84.89389166 211.89790459 7.03095200 0.00687343 -0.02531317 0.97669000 0.21304609
1645871235.47189498 83.94585208 212.33322722 6.98678598 0.00454498 -0.02358664 0.98421930 0.17531509
1645871236.37383509 82.95781983 212.69316153 6.99432504 0.00601478 -0.02482447 0.97582427 0.21705887
1645871237.30155110 81.97700395 213.14822661 6.94644532 0.00767107 -0.02616803 0.96555244 0.25877570
1645871238.20287895 81.05056486 213.67091536 6.95027191 0.00898780 -0.02677337 0.95654524 0.29021305
1645871239.13375902 80.16192347 214.23266064 6.94047823 0.00810513 -0.03162437 0.94905067 0.31342789
1645871240.20628810 79.30620976 214.86203139 6.88205925 0.01119799 -0.02758512 0.94886810 0.31426580
1645871241.30184507 78.42831978 215.52079455 6.89107864 0.01186626 -0.02789522 0.94121158 0.33645477
1645871242.20596194 77.63669014 216.14100854 6.90506996 0.01193414 -0.02812567 0.93073022 0.36442801
1645871243.13480592 76.79393901 216.86214606 6.96907522 0.01197774 -0.02805496 0.93363533 0.35692369
1645871243.96623707 76.03160419 217.52773688 6.95235349 0.01077164 -0.02828184 0.93571928 0.35144494
1645871244.80018711 75.23073573 218.14009996 6.93465829 0.01131529 -0.02873821 0.93809338 0.34500275
1645871245.70514297 74.39131037 218.82590361 6.97144588 0.01085063 -0.02534818 0.94475096 0.32662723
1645871246.63942695 73.59359534 219.50637678 6.91709908 0.00955983 -0.02361722 0.95261056 0.30312368
1645871247.53896189 72.70033768 220.06770530 6.89007751 0.01119606 -0.02496060 0.95088086 0.30834592
1645871248.37112188 71.89613242 220.67105956 6.92304698 0.00994114 -0.02712215 0.94665684 0.32094608
1645871249.30309796 71.02684473 221.30171579 6.95523964 0.01007171 -0.02818725 0.93986582 0.34022976
1645871250.20437098 70.18525223 221.96038408 6.98062164 0.00900193 -0.02759941 0.94670692 0.32078535
1645871251.13874197 69.34208242 222.58489235 6.98858284 0.00843588 -0.02824481 0.94954462 0.31224363
1645871252.13791990 68.43426401 223.22445572 6.99826479 0.00804266 -0.02857340 0.94718309 0.31931658
1645871253.03786111 67.59099969 223.89254393 7.01371490 0.00780546 -0.02991257 0.94204387 0.33406235
1645871253.97321510 66.77398109 224.52091242 6.98623485 0.00840587 -0.02768314 0.94675148 0.32066278
1645871254.97274590 65.89079015 225.18318326 6.99447292 0.00796052 -0.02968354 0.93782718 0.34573934
1645871255.80509400 65.08866037 225.82422225 6.99281152 0.00771777 -0.02988145 0.93762915 0.34626452
1645871256.63573694 64.27013701 226.49196492 6.97832386 0.00930968 -0.02794400 0.93733854 0.34717276
1645871257.47093797 63.52371317 227.18143402 6.90317571 0.01047678 -0.02784782 0.93497491 0.35346380
1645871258.30571508 62.72391423 227.83610541 6.85760820 0.01132181 -0.02741054 0.93571703 0.35150266
1645871259.13571692 61.88002647 228.45375286 6.89889130 0.00999141 -0.02736369 0.93874870 0.34336901
1645871259.97229004 61.10181779 229.10507161 6.90355286 0.01015018 -0.02660524 0.94336202 0.33054083
1645871260.80566311 60.25979608 229.71264395 6.88545215 0.00983761 -0.02585372 0.94310737 0.33133563
1645871261.64024091 59.42760798 230.29988082 6.93587584 0.01065418 -0.02528626 0.94470977 0.32675761
1645871262.47370601 58.62410965 230.90738086 6.90174018 0.00972465 -0.02668833 0.94453969 0.32716653
1645871263.30384588 57.79934431 231.56279586 6.90651757 0.00945547 -0.02636569 0.94306959 0.33141392
1645871264.13932395 56.90631283 232.17641543 6.85024742 0.01028333 -0.02748811 0.93862767 0.34368118
1645871264.97575402 56.10945618 232.80978109 6.82981526 0.01129931 -0.02750403 0.93391545 0.35625522
1645871265.80657291 55.33632796 233.46313744 6.79712087 0.01215553 -0.02543800 0.94463349 0.32691393
1645871266.64136791 54.53362409 234.10869038 6.87778440 0.00991200 -0.02575578 0.94428473 0.32797065
1645871267.47341990 53.68892667 234.69950543 6.84996422 0.00885699 -0.02480614 0.95382298 0.29921219
1645871268.30828190 52.82791713 235.31155864 6.86070807 0.00898058 -0.02435376 0.95305709 0.30167603
1645871269.14348006 51.93983128 235.90161070 6.82959851 0.00845500 -0.02455692 0.95155323 0.30638526
1645871269.97882009 51.12335827 236.52198634 6.85925135 0.00942432 -0.02422145 0.95039752 0.30995010
1645871270.80632210 50.26159719 237.14054161 6.87117597 0.00806671 -0.02517672 0.95071860 0.30892588
1645871271.63915110 49.41395624 237.69675803 6.84963639 0.00731786 -0.02657309 0.95064243 0.30906194
1645871272.48294592 48.56015068 238.29664140 6.86784364 0.00755489 -0.02584690 0.95330334 0.30081159
1645871273.30396199 47.70146512 238.84693625 6.84570715 0.00844984 -0.02674299 0.94717428 0.31949070
1645871274.31240010 46.90440223 239.49190318 6.80757729 0.02493024 -0.02563901 0.94941492 0.31198148
1645871276.96992302 46.13968099 240.16827286 6.76720087 0.02486576 -0.03253917 0.93428156 0.35417631
1645871279.63554311 45.30222205 240.80560289 6.86820056 0.02334888 -0.03173838 0.94128528 0.33530512
1645871280.80204797 44.48168632 241.41658713 6.85513185 0.02355917 -0.03076059 0.94640351 0.32065425
1645871281.86840510 43.62158154 242.00242377 6.88383084 0.02199486 -0.03037342 0.95399375 0.29747201
1645871282.79581499 42.74795090 242.58550779 6.87111924 0.02011297 -0.02645617 0.97672155 0.21192110
1645871283.79882312 41.75923625 242.97688392 6.87781198 0.01979183 -0.02825278 0.97566510 0.21653563
1645871284.70250893 40.79753856 243.38335496 6.86161626 0.01970766 -0.02807965 0.97643397 0.21307239
1645871285.63012004 39.79235213 243.81983140 6.85029787 0.02015275 -0.02712782 0.97626837 0.21391125
1645871286.46854210 38.86823979 244.21152780 6.84689875 0.02094017 -0.02856138 0.97160027 0.23396296
1645871287.37022710 37.93920812 244.64593258 6.85592523 0.02037741 -0.02755524 0.97456483 0.22146979
1645871288.37055397 36.93476007 245.06076577 6.90956112 0.01907875 -0.02684886 0.97737160 0.20894950
1645871289.30528808 35.96234240 245.43358762 6.91391686 0.01979394 -0.02697398 0.97644147 0.21317283
1645871290.30665302 34.97741639 245.85181644 6.96721697 0.02007996 -0.02603052 0.97643609 0.21328799
1645871291.30682802 34.02806250 246.23995962 6.97441055 0.02171707 -0.02509381 0.96756934 0.25041613
1645871292.31322098 33.08776664 246.73270141 7.02697821 0.02346949 -0.02390435 0.95719882 0.28748596
1645871293.31048489 32.22784766 247.29009302 7.08493317 0.02382949 -0.02323734 0.95607413 0.29122920
1645871294.31200290 31.35433935 247.84542998 7.06889215 0.02370092 -0.02135737 0.95915056 0.28109131
1645871295.49001193 30.43460030 248.35714909 7.17217776 0.02063646 -0.02309495 0.96517748 0.25975602
1645871296.80694509 29.49848081 248.89706325 7.13334697 0.01818558 -0.02450001 0.97059283 0.23878567
1645871297.96991706 28.54145976 249.36051886 7.10942391 0.01520308 -0.02996235 0.96884716 0.24536974
1645871299.13929605 27.61077863 249.82857400 7.02451851 0.01764309 -0.02929694 0.95995824 0.27804782
1645871300.47373796 26.68552756 250.36372111 6.98719627 0.01718373 -0.03327100 0.96117876 0.27337365
1645871302.63825488 25.77418865 250.79148259 7.19928317 0.00583631 -0.03459053 0.96581457 0.25684946
1645871303.81426692 24.88626790 251.27540392 7.02418175 0.01819955 -0.02413698 0.95881598 0.28241475
1645871304.70594192 23.98131289 251.80694408 7.06252535 0.01719705 -0.02196863 0.96478014 0.26157394
1645871305.53733802 23.10087157 252.28487733 7.04417402 0.01621586 -0.02231836 0.97238515 0.23174567
1645871306.30858803 22.17826491 252.69817163 7.05097642 0.01608085 -0.02014784 0.97588461 0.21675956
1645871307.14099002 21.21471928 253.09664533 7.04062163 0.01632413 -0.01803909 0.97655509 0.21388847
1645871307.97562695 20.22745676 253.47227788 7.05592568 0.01573293 -0.01919328 0.97817113 0.20631370
1645871308.80673909 19.23248128 253.81136590 7.10334155 0.01523783 -0.01779058 0.97959247 0.19962438
1645871309.64412308 18.28385094 254.18092715 7.11890078 0.01403841 -0.01935960 0.98274996 0.18338660
1645871310.47271299 17.33104292 254.53479441 7.12480808 0.01333120 -0.01895448 0.98467297 0.17286454
1645871311.30478096 16.31607577 254.86118833 7.12756907 0.01376323 -0.01851936 0.98412959 0.17594477
1645871312.13827896 15.30840035 255.20592331 7.15416979 0.01363630 -0.02095971 0.98121460 0.19129205
1645871312.96929407 14.29562041 255.59813527 7.17042585 0.01285212 -0.02155152 0.98169524 0.18879831
1645871313.80125690 13.29885515 256.01661804 7.26022583 0.01344707 -0.01973172 0.98173614 0.18874316
1645871314.63527703 12.29081422 256.41047895 7.24311521 0.01394926 -0.01976585 0.98143633 0.19025631
1645871315.46606588 11.30908629 256.79275555 7.20203020 0.01424029 -0.01899428 0.98119051 0.19157666
1645871316.29987502 10.28751928 257.18562272 7.19403902 0.01511949 -0.01764620 0.98116229 0.19178261
1645871317.03875589 9.34594410 257.52337921 7.20730351 0.01537102 -0.01631129 0.97758847 0.20932858
1645871317.86773992 8.39452479 257.96085868 7.21754161 0.01511105 -0.01841031 0.97597585 0.21657297
1645871318.69866991 7.45446346 258.35715756 7.19773508 0.01428680 -0.01878478 0.97773123 0.20852978
1645871319.53217411 6.50306180 258.70111390 7.17597618 0.01440720 -0.01673619 0.98250970 0.18489732
1645871320.36636996 5.55435877 259.05898878 7.18331314 0.01374313 -0.01484093 0.98475841 0.17274765
1645871321.19629192 4.56363129 259.38242047 7.19172255 0.01492193 -0.01176195 0.98245219 0.18554427
1645871322.02835393 3.56908077 259.67534543 7.21978997 0.01396997 -0.01346370 0.98183437 0.18874545
1645871322.86337209 2.60926629 260.03362200 7.18887783 0.01431139 -0.01205982 0.98337302 0.18063016
1645871323.79541993 1.64328948 260.36309050 7.23928973 0.01284373 -0.01009918 0.98748907 0.15683871
1645871324.69565392 0.65239607 260.61774682 7.21862393 0.01317273 -0.00942054 0.99201693 0.12506055
1645871325.61585999 -0.33606340 260.87445148 7.22158910 0.01288171 -0.00877755 0.98842317 0.15091936
1645871326.78337693 -1.32393652 261.16561834 7.23690806 0.01268026 -0.00806387 0.98882282 0.14833617
1645871329.12869692 -2.30939309 261.39559535 7.13707721 0.01239247 -0.01293052 0.97938696 0.20119743
1645871331.52941298 -3.30650302 261.75291132 7.14326563 0.01051869 -0.00854211 0.99345272 0.11343755
1645871332.69264698 -4.28599685 261.95926796 7.05159633 0.01016877 -0.00092294 0.99994609 -0.00188980
1645871333.85590696 -5.35847106 261.95478939 7.02085510 0.00734869 0.00282237 0.99199314 -0.12604618
1645871335.02217698 -6.33900244 261.65994302 6.93983676 0.00669078 0.00521050 0.98237803 -0.18671235
1645871336.11461401 -7.25264881 261.21668118 6.93091763 0.00320713 0.00819864 0.95588122 -0.29362151
1645871337.28396297 -8.05435808 260.59871393 6.89627283 0.00199609 0.01433745 0.92582511 -0.37767488
1645871338.35612011 -8.72456112 259.79369352 6.88788405 -0.00093429 0.01825124 0.89226740 -0.45113734
1645871339.45377994 -9.35214005 258.95438856 6.85624020 -0.00020795 0.02122735 0.87323684 -0.48683342
1645871340.45492911 -9.83552002 258.04885251 6.80152461 -0.00037945 0.02198322 0.87202885 -0.48896041
1645871341.45656300 -10.34955882 257.11945137 6.76048992 0.00299155 -0.02810908 -0.86093242 0.50793336
1645871342.45674801 -10.80545433 256.18169166 6.80671228 0.00517266 -0.03020297 -0.85508361 0.51758385
1645871343.35817599 -11.24021277 255.26766846 6.74259166 0.00204704 -0.02775447 -0.85449891 0.51870715
1645871344.29012394 -11.59961428 254.31243314 6.74119712 0.00248933 -0.02618145 -0.85910482 0.51112351
1645871345.18794489 -12.02688340 253.33454803 6.72538512 0.00306861 -0.02890717 -0.85000794 0.52596716
1645871346.12528300 -12.40203516 252.33123549 6.77331206 0.00756489 -0.02951492 -0.82426032 0.56539064
1645871347.02367306 -12.67869350 251.31018458 6.69170201 0.00522965 -0.02817520 -0.81943006 0.57246239
1645871347.96109009 -13.06550529 250.30691195 6.64415671 0.00359513 -0.02928304 -0.82052512 0.57084858
1645871348.85893106 -13.36793611 249.33139095 6.57200811 -0.00114075 -0.02985150 -0.80979609 0.58595041
1645871349.79873800 -13.60593018 248.25211299 6.54554869 0.00112475 -0.03234145 -0.79007510 0.61215529
1645871350.63443589 -13.88495779 247.28027524 6.55238743 0.00142372 -0.03209567 -0.77548927 0.63054281
1645871351.46941900 -14.07247965 246.29322104 6.51234458 -0.00028221 -0.03001207 -0.77253369 0.63426406
1645871352.30590701 -14.25651664 245.29913830 6.49644952 -0.00049522 -0.03252475 -0.77065416 0.63642287
1645871353.19563699 -14.39199000 244.24810891 6.49934091 0.00071171 -0.03294122 -0.76936941 0.63795382
1645871354.13390398 -14.42273054 243.22304962 6.54484501 0.00170647 -0.03231277 -0.77100361 0.63600819
1645871354.96762896 -14.54912677 242.15223616 6.55627475 0.00358363 -0.03419773 -0.72059562 0.69250243
1645871355.81437993 -14.54052388 241.13542913 6.52225546 0.00250465 -0.03531510 -0.67819661 0.73402720
1645871356.69674897 -14.41250567 240.08319344 6.47083589 0.00150255 -0.03439911 -0.69571256 0.71749458
1645871357.64004707 -14.34190843 239.07777068 6.49594714 0.00105445 -0.03475384 -0.69126658 0.72176283
1645871358.63593197 -14.27137824 238.00577915 6.48257013 0.00081193 -0.03540965 -0.69249443 0.72055323
1645871359.63625002 -14.11862733 236.94370093 6.43873848 -0.00096714 -0.03441926 -0.67360205 0.73829171
1645871360.63781500 -13.95189795 235.85980508 6.43823184 -0.00127375 -0.03472803 -0.66762826 0.74368330
1645871361.53015089 -13.79209017 234.86227309 6.39107907 -0.00400415 -0.03426172 -0.65550206 0.75440516
1645871362.46720600 -13.63702061 233.86758605 6.49219218 -0.00143587 -0.03252342 -0.64696341 0.76182578
1645871363.36462998 -13.37336930 232.85916587 6.51423872 0.00021074 -0.03344557 -0.64966445 0.75948499
1645871364.30362701 -13.11788648 231.85079693 6.53829845 0.00091441 -0.03254317 -0.65880883 0.75160564
1645871365.30644798 -12.85585023 230.80710107 6.52238679 0.00258154 -0.03388680 -0.64405716 0.76422208
1645871366.30509591 -12.61287939 229.73827308 6.62686847 0.00078506 -0.03034069 -0.65461229 0.75535527
1645871367.19889998 -12.38833917 228.70265197 6.61016605 0.00066260 -0.03066876 -0.66749395 0.74398307
1645871368.13683510 -12.13423806 227.66166493 6.61467730 0.00145754 -0.03133533 -0.64884211 0.76027619
1645871369.13429689 -11.90613788 226.65724123 6.57609772 0.00306658 -0.03351241 -0.61889562 0.78475201
1645871370.13020301 -11.60843279 225.65341074 6.58297806 0.00246601 -0.03329225 -0.60987681 0.79179279
1645871371.13669205 -11.32600610 224.66616700 6.61712025 0.00193610 -0.03202088 -0.62413782 0.78065543
1645871372.13746095 -11.08323914 223.58095562 6.63896694 0.00067985 -0.03084658 -0.62665315 0.77868726
1645871373.03115797 -10.86349056 222.54849623 6.67104237 0.00290884 -0.03175202 -0.62731063 0.77811613
1645871373.97496200 -10.65129107 221.52358411 6.66689749 0.00281701 -0.03279270 -0.62780638 0.77767336
1645871374.86669898 -10.45682720 220.53523874 6.71048346 0.00497256 -0.03266253 -0.64606010 0.76257117
1645871375.86939192 -10.27363982 219.54126561 6.74443741 0.00525306 -0.03142818 -0.68600596 0.72689786
1645871376.98092890 -10.16708533 218.50288352 6.78552807 0.00611590 -0.03088787 -0.66237062 0.74851432
1645871377.86987305 -9.98140785 217.51828650 6.75565728 0.00603213 -0.03297525 -0.63003668 0.77584150
1645871378.80931807 -9.74331822 216.48545585 6.68180088 0.00443527 -0.03148507 -0.63095365 0.77516869
1645871379.69869804 -9.51013229 215.47788325 6.69396134 0.00462448 -0.03147898 -0.63003516 0.77591454
1645871380.63149309 -9.24558856 214.44490073 6.69253404 0.00426565 -0.03058724 -0.63148352 0.77477402
1645871381.79907203 -8.99801472 213.43483698 6.69052951 0.00450297 -0.03111956 -0.65326145 0.75647919
1645871383.20068598 -8.78531532 212.44768706 6.68475910 0.00657993 -0.03204396 -0.67335337 0.73859673
1645871384.36701012 -8.68742899 211.43498284 6.63564317 0.00710697 -0.03411417 -0.65076231 0.75848147
1645871385.45811892 -8.43049084 210.40134584 6.52321337 0.00700262 -0.03511807 -0.64582849 0.76264228
1645871386.45876908 -8.27215917 209.40440087 6.47950010 0.00669886 -0.03659912 -0.65119980 0.75799370
1645871387.45277309 -8.08553893 208.33572705 6.53760479 0.00822865 -0.03708410 -0.64702246 0.76152413
1645871388.45713592 -7.82849818 207.27428428 6.48242094 0.00689988 -0.03690952 -0.68201008 0.73037821
1645871389.46472812 -7.67872513 206.20217827 6.45424251 0.00506020 -0.03701604 -0.70269213 0.71051248
1645871390.36980796 -7.66923455 205.16016562 6.47098472 0.00683894 -0.03914028 -0.69398061 0.71889650
1645871391.30031204 -7.56491521 204.09231263 6.50640605 0.00838075 -0.03941337 -0.68360373 0.72874021
1645871392.12671208 -7.46427633 203.08363282 6.57345620 0.01171734 -0.04150355 -0.67635960 0.73530800
1645871393.03387094 -7.30475960 202.00921504 6.52635063 0.01068178 -0.04214178 -0.67000461 0.74108285
1645871393.95343208 -7.18532210 200.99705502 6.50545938 0.01058199 -0.04264539 -0.65808548 0.75166009
1645871394.86262488 -7.00342732 199.94391716 6.55559996 0.01334779 -0.04477466 -0.63859230 0.76812560
1645871395.69694591 -6.73362412 198.97790210 6.57764218 0.01358254 -0.04428217 -0.64223763 0.76510485
1645871396.53088188 -6.48946829 197.99523868 6.50698204 0.01279120 -0.04432778 -0.65303435 0.75592167
1645871397.36369205 -6.29694950 196.94442890 6.48652447 0.01391077 -0.04613710 -0.65790269 0.75155965
1645871398.19651604 -6.12056558 195.95160429 6.52132611 0.01393715 -0.04565854 -0.65085220 0.75770210
1645871399.02485895 -5.93722537 194.94330732 6.52473957 0.01576399 -0.04750489 -0.63003989 0.77494808
1645871399.85992289 -5.74138572 193.92400930 6.54641027 0.01838465 -0.04964016 -0.63006810 0.77473353
1645871400.69385505 -5.54059188 192.91850513 6.56228225 0.01705401 -0.04709730 -0.64717948 0.76069030
1645871401.53041005 -5.38017961 191.91599673 6.57369952 0.01622264 -0.04590267 -0.66930878 0.74138757
1645871402.36400390 -5.26177399 190.89500948 6.59242880 0.01658446 -0.04526421 -0.67631122 0.73503690
1645871403.28589106 -5.12954028 189.82799682 6.56032550 0.01608101 -0.04568958 -0.68685414 0.72517947
1645871404.19947791 -5.05142257 188.73342659 6.58498037 0.01554531 -0.04281375 -0.69283113 0.71965989
1645871405.03285503 -4.98426062 187.68353245 6.57365835 0.01358166 -0.04185501 -0.70451609 0.70832251
1645871405.95909190 -4.95610560 186.62104709 6.60317441 0.01456344 -0.04252349 -0.70961797 0.70315148
1645871406.86692190 -4.96015595 185.61240885 6.63200024 0.01449340 -0.04229929 -0.70811816 0.70467680
1645871407.78920507 -4.96105284 184.60292320 6.61490274 0.01395207 -0.04155104 -0.70901202 0.70383294
1645871408.79212999 -4.96885964 183.57069601 6.65643730 0.01392496 -0.04096070 -0.71220866 0.70063338
1645871409.70043612 -4.93490241 182.56049378 6.61629219 0.01410199 -0.04059656 -0.70729653 0.70560943
1645871410.53163791 -4.81639078 181.55509195 6.58004877 0.01433377 -0.04115849 -0.68383830 0.72833076
1645871411.45643497 -4.73190273 180.55107658 6.60051517 0.01424484 -0.04079707 -0.68550064 0.72678852
1645871412.36441994 -4.63757501 179.54679198 6.56951214 0.01475351 -0.04173040 -0.69258349 0.71997849
1645871413.28892493 -4.54834432 178.54275727 6.55716354 0.01387308 -0.04218148 -0.69411509 0.71849321
1645871414.19672990 -4.47736183 177.52218477 6.56021292 0.01447387 -0.04177965 -0.69524252 0.71741397
1645871415.13114691 -4.46519735 176.48445514 6.56792628 0.01288008 -0.03877884 -0.73373293 0.67820815
1645871416.28577495 -4.46661215 175.40268307 6.55693501 0.01275627 -0.03896485 -0.71363288 0.69931905
1645871417.36297703 -4.42156067 174.32242007 6.62922057 0.01519823 -0.04107902 -0.68850390 0.72390877
1645871418.36303806 -4.37751501 173.27695475 6.55621719 0.01506990 -0.04703690 -0.68597519 0.72594660
1645871419.36193800 -4.28596090 172.20894622 6.53773781 0.01661001 -0.04844181 -0.69816897 0.71409914
1645871420.28189492 -4.28322133 171.16512328 6.55279347 0.01695615 -0.04767714 -0.70611127 0.70629049
1645871421.28128600 -4.28017822 170.15208774 6.49772570 0.01446012 -0.04543973 -0.72981284 0.68198193
1645871422.36423302 -4.35985128 169.11523606 6.48719076 0.01704375 -0.04626546 -0.73818154 0.67279791
1645871423.44616294 -4.50710312 168.09532818 6.45241914 0.01397419 -0.04620711 -0.74967505 0.66004314
1645871424.78023100 -4.66777661 167.04474191 6.48516371 0.01576850 -0.04574088 -0.74286059 0.66769549
1645871426.11608601 -4.79637037 165.97905583 6.47165523 0.01462821 -0.04449996 -0.74397520 0.66656332
1645871427.28348994 -4.89343865 164.91033881 6.48460809 0.01448350 -0.04383245 -0.74810755 0.66196982
1645871428.36058092 -5.08372369 163.84451734 6.42240540 0.01307100 -0.04263911 -0.75799626 0.65073245
1645871429.36139894 -5.31336526 162.83355538 6.35747403 0.01560019 -0.04492581 -0.77904036 0.62516752
1645871430.28901696 -5.52735633 161.83413735 6.33498500 0.01585108 -0.04494062 -0.79465803 0.60518402
1645871431.28765798 -5.80269110 160.86996874 6.26011988 0.01662524 -0.04623255 -0.79213194 0.60836925
1645871432.52808094 -6.06436671 159.88873769 6.22949869 0.01661613 -0.04493640 -0.80338103 0.59353479
1645871442.12176991 -6.48607944 158.92058894 6.14596340 0.01621121 -0.04516368 -0.82106408 0.56881563
1645871443.36130190 -6.83008016 157.95730469 6.08287179 0.01581210 -0.04388202 -0.82603046 0.56169211
1645871444.52653503 -7.21577172 156.95165080 6.14628863 0.01664637 -0.04407207 -0.84427365 0.53383757
1645871445.61820889 -7.65230831 155.96289350 6.08121816 0.01532318 -0.04264577 -0.85102007 0.52317433
1645871446.61691499 -8.11572837 154.99659858 6.05425727 0.01585117 -0.04378035 -0.83458790 0.54890351
1645871447.61724997 -8.53004644 153.99269247 6.01929806 0.01585040 -0.04371150 -0.84023018 0.54023264
1645871448.52523708 -8.98699407 153.02392502 6.00154230 0.01626059 -0.04419979 -0.84929732 0.52580988
1645871449.52600694 -9.43136306 152.05662213 5.99402927 0.01630646 -0.04306470 -0.85633410 0.51436509
1645871450.52821589 -9.90014762 151.09901158 5.98512090 0.01507846 -0.04222050 -0.85213804 0.52139316
1645871451.45124888 -10.30567439 150.13325803 5.96732969 0.01539785 -0.04216714 -0.85150847 0.52241570
1645871452.36345911 -10.77660411 149.19187414 5.94169922 0.01648986 -0.04251162 -0.84835593 0.52745906
1645871453.28847504 -11.20317810 148.18011316 5.96902643 0.01686508 -0.04264857 -0.84074792 0.53948086
1645871454.19489694 -11.63785634 147.18126719 5.97037634 0.01765450 -0.04333913 -0.84967708 0.52522271
1645871455.12658906 -12.09387791 146.18139548 5.94619590 0.01790935 -0.04167852 -0.86374645 0.50188070
1645871455.96422410 -12.60224628 145.30147280 5.87342002 -0.01711550 0.04098962 0.86731217 -0.49577869
1645871456.80196595 -13.14323975 144.40839236 5.84915233 -0.01723362 0.04017165 0.86882121 -0.49319261
1645871457.63107800 -13.63191148 143.51290095 5.77720726 0.01601081 -0.03992520 -0.86490937 0.50008140
1645871458.46808410 -14.08274539 142.60225257 5.76699109 0.01505009 -0.03869172 -0.86340367 0.50280270
1645871459.31771898 -14.57211244 141.72190433 5.74904498 -0.01684726 0.04028032 0.86915590 -0.49260703
1645871460.19730496 -15.11292477 140.79930724 5.71428601 -0.01562426 0.03871511 0.87637406 -0.47981822
1645871461.03058004 -15.66425544 139.88741342 5.65196361 0.01553473 -0.03996362 -0.85956983 0.50921635
1645871461.86533809 -16.17315212 138.96116843 5.61050558 0.01502577 -0.04062963 -0.85698102 0.51352410
1645871462.69840503 -16.65098165 138.03950964 5.60548193 -0.01590403 0.03873026 0.87393250 -0.48424065
1645871463.64543700 -17.24501528 137.17398178 5.62973750 -0.01697421 0.03769177 0.89201147 -0.45011859
1645871464.52300596 -17.85962236 136.38132896 5.58893018 -0.01697188 0.03459168 0.92054038 -0.38874257
1645871465.51854110 -18.60369889 135.67507681 5.54819686 -0.01652460 0.03231101 0.93505267 -0.35264635
1645871466.51924801 -19.37811333 134.96807920 5.45213530 -0.01604180 0.03475812 0.91527658 -0.40100290
1645871467.46336389 -20.08341219 134.19963964 5.36419481 -0.01623179 0.03635177 0.90291756 -0.42796607
1645871468.30118704 -20.70477293 133.40760623 5.35360061 -0.01604928 0.03705453 0.89625476 -0.44169761
1645871469.13333988 -21.34417270 132.54468990 5.33541968 -0.01639021 0.03599613 0.89791141 -0.43839564
1645871469.96844292 -21.98520817 131.74936013 5.36060230 -0.01680309 0.03630730 0.89773248 -0.43872068
1645871470.81538510 -22.62315977 130.89573624 5.32290018 -0.01687999 0.03576890 0.90217508 -0.42955299
1645871471.62799191 -23.21754158 130.06601629 5.28405027 -0.01716038 0.03516106 0.90412245 -0.42547834
1645871472.46170902 -23.90647999 129.27038725 5.21199132 -0.01673404 0.03507782 0.90518240 -0.42324264
1645871473.29147005 -24.55621847 128.45787918 5.20780796 -0.01726365 0.03435207 0.90989765 -0.41304742
1645871474.12337804 -25.18120801 127.65144734 5.18056529 -0.01714002 0.03269789 0.91397264 -0.40409291
1645871474.95843196 -25.86551883 126.90563052 5.05878078 -0.01579135 0.03455331 0.90460808 -0.42454791
1645871475.79121304 -26.49497686 126.12684125 5.08186371 -0.01615625 0.03516046 0.90137371 -0.43130981
1645871476.79916501 -27.16741074 125.23781762 5.06079916 -0.01708344 0.03620385 0.90594872 -0.42149064
1645871477.61968708 -27.79292507 124.43893309 4.98005667 -0.01429836 0.03209012 0.90989604 -0.41334608
1645871478.44903898 -28.44613845 123.64908402 4.93345187 -0.01478662 0.03373292 0.90506375 -0.42367801
1645871479.34932804 -29.12717599 122.81091095 4.94636644 -0.01521364 0.03274423 0.90282189 -0.42849621
1645871480.28662992 -29.75689998 122.00645831 4.92884886 -0.01666753 0.03462181 0.88738481 -0.45942543
1645871481.29094291 -30.37132107 121.12931185 4.91029429 -0.01587903 0.03501139 0.87935276 -0.47461646
1645871482.29264307 -31.02836870 120.20113064 4.83778441 0.00539493 0.05619905 0.86541530 -0.49786435
1645871483.19077301 -31.56801891 119.31779701 4.67712830 -0.01198494 -0.05777580 -0.85271203 0.51903807
1645871484.12548995 -32.02499835 118.38945167 4.69415424 -0.00965052 -0.05953184 -0.84657037 0.52884916
1645871485.12951112 -32.45865180 117.43298740 4.76525894 -0.00960289 -0.06046401 -0.82522983 0.56146916
1645871486.13286495 -32.80955118 116.48968993 4.86777681 -0.00861029 -0.06232546 -0.78503347 0.61624983
1645871486.98528194 -33.01317306 115.50830907 4.89156085 -0.00967151 -0.06412342 -0.73108781 0.67919457
1645871488.13513708 -32.99859061 114.44124929 4.96945712 -0.00992084 -0.06590046 -0.68763436 0.72299218
1645871489.29906893 -32.88316370 113.43196868 5.08665816 -0.00987171 -0.06561397 -0.66909757 0.74020659
1645871490.36154008 -32.69638960 112.43510680 5.16725742 -0.01002674 -0.06605126 -0.64399931 0.76210339
1645871491.36052990 -32.42199926 111.43072168 5.25739763 -0.01034076 -0.06580818 -0.62052634 0.78135102
1645871492.29163408 -32.13543346 110.42267454 5.30174766 -0.01141471 -0.06529009 -0.60456551 0.79379308
1645871493.19150496 -31.82825049 109.46387794 5.34571079 -0.01288818 -0.06489323 -0.59703876 0.79947951
1645871494.18955708 -31.50235282 108.48213863 5.38967996 -0.01404482 -0.06403818 -0.60746926 0.79163309
1645871495.19035602 -31.15932953 107.48354339 5.48714326 -0.01270152 -0.06535057 -0.61120878 0.78866457
1645871496.11767292 -30.85781511 106.51601288 5.61891511 -0.01137530 -0.06575284 -0.62446289 0.77819873
1645871497.02293611 -30.59068435 105.48061355 5.70823647 -0.01192013 -0.06522136 -0.61560553 0.78526041
1645871497.85546803 -30.32038270 104.51410545 5.80518013 -0.01205651 -0.06540864 -0.62536295 0.77749439
1645871498.68988991 -30.09919838 103.50094807 5.85391010 -0.01084648 -0.06621911 -0.62845595 0.77494548
1645871499.61690092 -29.81200902 102.44811204 5.94278089 -0.01286993 -0.06444940 -0.61827659 0.78320795
1645871500.52248907 -29.52970574 101.47228991 6.00922265 -0.01249059 -0.06467154 -0.62956881 0.77414772
1645871501.45258904 -29.29120544 100.46707351 6.09731474 -0.01451930 -0.06202508 -0.64058971 0.76523650
1645871502.36166811 -29.02266019 99.49986849 6.18232554 -0.01670364 -0.05940622 -0.63033081 0.77387012
1645871503.28357005 -28.78285190 98.51169684 6.29399096 -0.01567145 -0.06014513 -0.62881220 0.77506915
1645871504.18802691 -28.49871460 97.48718665 6.35686795 -0.01642950 -0.05850005 -0.62761782 0.77614669
1645871505.11583591 -28.22857501 96.45088234 6.45696359 -0.01623999 -0.05846674 -0.63361597 0.77126435
1645871506.02314091 -27.92511364 95.41676206 6.52780980 -0.01631246 -0.05804280 -0.64589977 0.76103773
1645871506.95082307 -27.73097376 94.38919933 6.67031695 -0.01652340 -0.05687489 -0.63530469 0.76998713
1645871507.95401406 -27.49944336 93.34954243 6.67421457 -0.01772742 -0.05584157 -0.62967848 0.77464345
1645871508.85799289 -27.26101065 92.36892018 6.74245194 -0.01880035 -0.05591958 -0.62658098 0.77712022
1645871509.78406000 -27.01401145 91.33426401 6.76480686 -0.01844920 -0.05618229 -0.63792841 0.76782193
1645871510.78405309 -26.77905373 90.25375441 6.81578033 -0.01767171 -0.05726569 -0.64366287 0.76295902
1645871511.78742599 -26.55450666 89.18753710 6.90188075 -0.01824658 -0.05583368 -0.64935525 0.75821331
1645871512.69229889 -26.32542990 88.20400090 7.03388932 -0.01695782 -0.05622075 -0.65110172 0.75671541
1645871513.62883401 -26.17610107 87.19869420 7.10798362 -0.01718187 -0.05602698 -0.65735904 0.75129545
1645871514.62277102 -25.98408565 86.11598016 7.16067841 -0.01710215 -0.05619181 -0.65900171 0.74984448
1645871515.62981009 -25.81828283 85.06814853 7.27256293 -0.01492648 -0.05832387 -0.67062487 0.73934958
1645871516.62816310 -25.66464126 84.02105791 7.32896046 -0.01532757 -0.05795509 -0.66746802 0.74222147
1645871517.63179994 -25.49113369 82.93688291 7.45953613 -0.01594873 -0.05696640 -0.65209901 0.75582230
1645871518.63039994 -25.26572103 81.90468231 7.55517658 -0.01496676 -0.05915688 -0.63864666 0.76707686
1645871519.63002300 -25.03012170 80.92677791 7.59741425 -0.01514816 -0.05989144 -0.62436175 0.77868861
1645871520.63066697 -24.81458465 79.93907671 7.63886513 -0.01582671 -0.05934499 -0.63527590 0.76983909
1645871521.63712811 -24.62939901 78.92692977 7.77043464 -0.01381615 -0.06076629 -0.65181159 0.75581626
1645871522.64019299 -24.49418828 77.85510333 7.73314468 -0.01173353 -0.06399146 -0.66735089 0.74189636
1645871523.63821101 -24.38606954 76.81611264 7.95048870 -0.01162744 -0.06255553 -0.67036975 0.73929426
1645871524.52944994 -24.30087627 75.79965877 8.14438344 -0.00948760 -0.06485522 -0.67723716 0.73283942
1645871525.47972393 -24.19168389 74.74349382 8.18834106 -0.00963768 -0.06371089 -0.68523011 0.72547070
1645871526.36231494 -24.11772332 73.69841387 8.26628205 -0.00962965 -0.06423801 -0.68365534 0.72690861
1645871527.30959010 -24.01935949 72.60787737 8.33922766 -0.00903069 -0.06442433 -0.68569717 0.72497403
1645871528.14965105 -23.98872658 71.59318108 8.44111220 -0.00931434 -0.06360963 -0.69549570 0.71564851
1645871528.97867203 -23.92763990 70.57678637 8.50677697 -0.00939391 -0.06437036 -0.70301409 0.70819447
1645871529.81086493 -23.89540373 69.57189432 8.56107492 -0.00911015 -0.06318342 -0.71277004 0.69848674
1645871530.64303303 -23.88274262 68.50485031 8.62380440 -0.00917415 -0.06295700 -0.72278099 0.68814235
1645871531.47734809 -23.84993287 67.44906834 8.69438824 -0.00950708 -0.06316655 -0.72972897 0.68074609
1645871532.31276298 -23.89560415 66.40061513 8.75763056 -0.00917507 -0.06288109 -0.72332774 0.68757456
1645871533.14568901 -23.93865249 65.37760922 8.78396342 -0.00942611 -0.06240168 -0.73156543 0.67884401
1645871533.98113799 -23.91935563 64.35118319 8.86784407 -0.00943212 -0.06263124 -0.73103223 0.67939697
1645871534.81546807 -23.96717973 63.29459958 8.91278617 -0.00898111 -0.06294475 -0.73583051 0.67417413
1645871535.64554095 -23.96262333 62.22400646 8.91129823 -0.00872618 -0.06284246 -0.74460950 0.66447827
1645871536.47837090 -24.02234447 61.17280035 8.90897651 -0.00998473 -0.06258323 -0.74395448 0.66521829
1645871537.31553292 -24.07709703 60.04155231 9.00166502 -0.00994753 -0.06283960 -0.73332423 0.67689571
1645871538.14621091 -24.11216917 58.93877850 9.12395447 -0.00834256 -0.06387887 -0.73487180 0.67513949
1645871538.97858095 -24.10445091 57.85111620 9.17787285 -0.00694717 -0.06605578 -0.73892132 0.67050999
1645871539.81310391 -24.18899500 56.72613160 9.22917314 -0.00731787 -0.06576092 -0.74628218 0.66233289
1645871540.64504290 -24.21787826 55.66678038 9.29787361 -0.00613696 -0.06587480 -0.75627354 0.65090182
1645871541.50363898 -24.33424791 54.63549965 9.34892810 -0.00905753 -0.06837293 -0.74593128 0.66244217
1645871542.31370091 -24.44450723 53.56710271 9.42704178 -0.00940121 -0.06654885 -0.76081092 0.64548402
1645871543.14645100 -24.55783732 52.55568949 9.45014755 -0.01056613 -0.06769244 -0.74774718 0.66043943
1645871543.97707796 -24.67721338 51.51905229 9.55985079 -0.01147096 -0.06297481 -0.74950932 0.65889177
1645871544.81314301 -24.72902156 50.49205224 9.57823348 -0.01313020 -0.06089943 -0.74165502 0.66788224
1645871545.64438796 -24.79588327 49.42565804 9.68793739 -0.01290033 -0.06142001 -0.72828821 0.68239097
1645871546.47878504 -24.85946800 48.41707852 9.70526944 -0.01367568 -0.06170451 -0.73578394 0.67426072
1645871547.31011295 -24.89499051 47.32777624 9.74703935 -0.01369128 -0.06319064 -0.73643610 0.67341025
1645871548.14229298 -24.89962037 46.24630739 9.85754553 -0.01408049 -0.06254628 -0.73399680 0.67612010
1645871548.98494506 -24.95997962 45.11379346 9.93763210 -0.01290115 -0.06367419 -0.72892676 0.68150197
1645871549.80413795 -25.02072976 44.02303777 9.97294898 -0.01675504 -0.06245639 -0.72569213 0.68497401
1645871551.02657390 -25.11382808 42.44676952 9.99395886 -0.04451533 -0.05616896 -0.72810593 0.68170755
1645871551.96951294 -25.09557544 41.01583729 10.80070778 -0.02337001 -0.05580029 -0.71012586 0.70147091
1645871552.80100203 -24.86411715 39.68271068 10.64510814 -0.06188054 -0.08320323 -0.71226183 0.69421258
1645871553.63456392 -24.84531351 38.64030599 10.68167620 -0.06230007 -0.08493694 -0.72179679 0.68404225
1645871554.46663690 -24.87986138 37.57750220 10.89782128 -0.06343519 -0.08171420 -0.70962521 0.69694392
1645871555.29647708 -24.82809835 36.48598633 11.06419716 -0.06267307 -0.08291330 -0.70513656 0.70141279
1645871556.13189197 -24.81775794 35.41333152 11.31947024 -0.06319871 -0.08182060 -0.71790768 0.68841839
1645871556.96057200 -24.80906002 34.32325724 11.53014729 -0.06188684 -0.08244850 -0.72753167 0.67828455
1645871557.79292798 -24.84347470 33.30113462 11.70786754 -0.06244002 -0.08223776 -0.72641782 0.67945224
1645871558.62373710 -24.85874988 32.27323664 11.85824612 -0.06154884 -0.08292708 -0.73087189 0.67465630
1645871559.45699811 -24.88403421 31.28575891 12.03158074 -0.06113237 -0.08329961 -0.72751866 0.67826293
1645871560.29159999 -24.92268917 30.27340089 12.23349944 -0.06041439 -0.08418532 -0.72871609 0.67693115
1645871561.12087107 -24.95501578 29.24550096 12.38298577 -0.06081166 -0.08574566 -0.73727780 0.66736128
1645871561.95381999 -25.03375089 28.22687859 12.52449030 -0.06121042 -0.08616578 -0.72389322 0.68176781
1645871562.78662491 -25.02527856 27.17299373 12.71389782 -0.06128752 -0.08610215 -0.71752632 0.68846658
1645871563.61790490 -25.06134236 26.07138528 12.86600745 -0.06018234 -0.08784100 -0.73091395 0.67411189
1645871564.45236802 -25.08815533 24.97938039 13.04092700 -0.05784781 -0.09001073 -0.73599875 0.66847404
1645871565.28446603 -25.10366094 23.91648814 13.22399958 -0.05906286 -0.08842703 -0.73539363 0.66924469
1645871566.11537194 -25.17898878 22.83655426 13.38900780 -0.05840328 -0.09014137 -0.72389838 0.68149448
1645871566.95009708 -25.19982216 21.77123573 13.56499020 -0.05902967 -0.08951158 -0.72597012 0.67931624
1645871567.78260589 -25.22440180 20.69186190 13.76939164 -0.05849121 -0.09062667 -0.73287716 0.67175640
1645871568.61571002 -25.32875163 19.68951496 13.91542002 -0.05650549 -0.09243369 -0.73134231 0.67335100
1645871569.45208192 -25.33501809 18.69467263 14.10417284 -0.05694682 -0.09060568 -0.71267338 0.69328517
1645871570.35915589 -25.34214881 17.63902369 14.29725153 -0.05665363 -0.09151401 -0.71567387 0.69009164
1645871571.19105101 -25.26348607 16.60945323 14.49842567 -0.05580314 -0.09215129 -0.72385082 0.68149405
1645871572.02412605 -25.34858034 15.59627138 14.63891043 -0.05655002 -0.09222205 -0.72826776 0.67670028
1645871572.85737205 -25.28632110 14.56262327 14.85546237 -0.05580043 -0.09172863 -0.72523773 0.68007530
1645871573.69040704 -25.30564349 13.55719270 15.07899807 -0.05691385 -0.09035377 -0.71956481 0.68616579
1645871574.52372098 -25.33811595 12.53983869 15.26474218 -0.05785499 -0.08983453 -0.71290076 0.69307653
1645871575.35597205 -25.32078729 11.54705823 15.50485635 -0.05776319 -0.08866535 -0.71112346 0.69505777
1645871576.18889308 -25.32602169 10.53925316 15.62876066 -0.05674526 -0.09003660 -0.71475151 0.69123344
1645871577.03002000 -25.34308250 9.52983700 15.78718591 -0.05615912 -0.09040653 -0.71690011 0.68900438
1645871577.85729408 -25.34208849 8.53746646 15.92023470 -0.05575154 -0.09202934 -0.72305899 0.68235479
1645871578.78022289 -25.35848705 7.46160203 16.07972529 -0.05623706 -0.09120398 -0.71357381 0.69233782
1645871579.68686104 -25.37481447 6.41651660 16.19430106 -0.05777487 -0.09307510 -0.71696432 0.68844844
1645871580.61387110 -25.37451212 5.37827461 16.38651041 -0.05798577 -0.09121625 -0.71509840 0.69061677
1645871581.61350393 -25.35623633 4.31352254 16.56770973 -0.05722959 -0.09120917 -0.71128966 0.69460254
1645871582.61444092 -25.35942979 3.24563747 16.68481093 -0.05929164 -0.09001503 -0.68579481 0.71976890
1645871583.68605900 -25.27470929 2.20990092 16.81795969 -0.05894229 -0.09072372 -0.67995518 0.72522822
1645871584.78385592 -25.16276723 1.21816305 17.00099209 -0.05992482 -0.08962550 -0.66269355 0.74108943
1645871585.95468307 -25.01966755 0.23268874 17.14580472 -0.06081952 -0.08757657 -0.63686659 0.76356550
1645871587.12747908 -24.83950243 -0.75149704 17.29247291 -0.06308453 -0.08556095 -0.58959304 0.80067453
1645871588.52048111 -24.52011130 -1.71023573 17.47782024 -0.06548391 -0.08082752 -0.52869959 0.84241054
1645871591.34750605 -23.92876873 -2.51000563 17.66273828 -0.06873975 -0.07417580 -0.43185251 0.89625678
1645871593.11541009 -23.16449729 -3.17709198 17.79991576 -0.07039236 -0.07184948 -0.39529387 0.91303084
1645871594.28416610 -22.30589366 -3.81435978 17.92993271 -0.07374574 -0.06487730 -0.31051268 0.94548103
1645871595.34955096 -21.40813005 -4.27954013 18.01950067 -0.07486776 -0.05824199 -0.23355055 0.96770699
1645871596.51489496 -20.40481559 -4.59389826 18.09021463 -0.07680911 -0.05215348 -0.17170871 0.98076322
1645871597.84966898 -19.37134905 -4.50086227 18.11559039 -0.07903639 -0.04590134 -0.08381487 0.99228090
1645871598.94599104 -18.50019379 -4.02832292 17.95490457 -0.08184621 -0.05458253 -0.04833406 0.99397473
1645871600.18755293 -17.67630192 -3.44775257 17.91594892 -0.08576229 -0.05196434 -0.03615710 0.99430237
1645871603.28428507 -17.28928079 -2.51702402 17.94572282 -0.08583817 -0.04979806 -0.04698769 0.99395378
1645871606.61897397 -16.75462771 -1.65672657 17.85426094 -0.09489774 -0.05114849 -0.05408970 0.99269963
